"V1" "V2" "V3" "V4" "V5" "V6" "V7" "V8" "V9" "V10" "V11" "V12" "V13" "V14" "V15" "V16" "V17" "V18" "V19" "V20"
"1" 0.830188679245283 0.786163522012579 0.79874213836478 0.805031446540881 0.811320754716981 0.786163522012579 0.773584905660377 0.817610062893082 0.805031446540881 0.773584905660377 0.786163522012579 0.767295597484277 0.805031446540881 0.79874213836478 0.792452830188679 0.836477987421384 0.817610062893082 0.805031446540881 0.836477987421384 0.786163522012579
"2" 0.830188679245283 0.773584905660377 0.811320754716981 0.792452830188679 0.811320754716981 0.811320754716981 0.792452830188679 0.792452830188679 0.817610062893082 0.761006289308176 0.823899371069182 0.773584905660377 0.805031446540881 0.767295597484277 0.811320754716981 0.874213836477987 0.842767295597484 0.811320754716981 0.836477987421384 0.79874213836478
"3" 0.849056603773585 0.836477987421384 0.836477987421384 0.779874213836478 0.830188679245283 0.823899371069182 0.79874213836478 0.830188679245283 0.836477987421384 0.779874213836478 0.817610062893082 0.773584905660377 0.823899371069182 0.842767295597484 0.811320754716981 0.867924528301887 0.842767295597484 0.836477987421384 0.842767295597484 0.830188679245283
"4" 0.823899371069182 0.842767295597484 0.792452830188679 0.79874213836478 0.849056603773585 0.855345911949686 0.779874213836478 0.823899371069182 0.849056603773585 0.773584905660377 0.817610062893082 0.79874213836478 0.842767295597484 0.855345911949686 0.811320754716981 0.842767295597484 0.842767295597484 0.811320754716981 0.855345911949686 0.79874213836478
"5" 0.842767295597484 0.836477987421384 0.817610062893082 0.805031446540881 0.842767295597484 0.842767295597484 0.779874213836478 0.823899371069182 0.836477987421384 0.792452830188679 0.805031446540881 0.811320754716981 0.836477987421384 0.823899371069182 0.823899371069182 0.855345911949686 0.817610062893082 0.823899371069182 0.849056603773585 0.779874213836478
"6" 0.830188679245283 0.836477987421384 0.817610062893082 0.823899371069182 0.842767295597484 0.849056603773585 0.786163522012579 0.830188679245283 0.830188679245283 0.779874213836478 0.817610062893082 0.805031446540881 0.836477987421384 0.861635220125786 0.817610062893082 0.855345911949686 0.830188679245283 0.811320754716981 0.836477987421384 0.792452830188679
"7" 0.811320754716981 0.754716981132076 0.817610062893082 0.742138364779874 0.786163522012579 0.79874213836478 0.761006289308176 0.779874213836478 0.817610062893082 0.723270440251572 0.767295597484277 0.773584905660377 0.773584905660377 0.786163522012579 0.767295597484277 0.79874213836478 0.792452830188679 0.748427672955975 0.754716981132076 0.742138364779874
"8" 0.811320754716981 0.823899371069182 0.79874213836478 0.79874213836478 0.79874213836478 0.836477987421384 0.786163522012579 0.805031446540881 0.830188679245283 0.779874213836478 0.792452830188679 0.79874213836478 0.836477987421384 0.842767295597484 0.823899371069182 0.849056603773585 0.811320754716981 0.805031446540881 0.830188679245283 0.773584905660377
"9" 0.823899371069182 0.817610062893082 0.786163522012579 0.792452830188679 0.817610062893082 0.817610062893082 0.786163522012579 0.786163522012579 0.830188679245283 0.792452830188679 0.805031446540881 0.823899371069182 0.823899371069182 0.811320754716981 0.836477987421384 0.842767295597484 0.823899371069182 0.811320754716981 0.830188679245283 0.779874213836478
"10" 0.817610062893082 0.805031446540881 0.830188679245283 0.786163522012579 0.823899371069182 0.792452830188679 0.779874213836478 0.79874213836478 0.823899371069182 0.779874213836478 0.79874213836478 0.779874213836478 0.830188679245283 0.779874213836478 0.792452830188679 0.855345911949686 0.811320754716981 0.79874213836478 0.830188679245283 0.823899371069182
"11" 0.830188679245283 0.823899371069182 0.817610062893082 0.79874213836478 0.849056603773585 0.842767295597484 0.786163522012579 0.779874213836478 0.823899371069182 0.786163522012579 0.811320754716981 0.792452830188679 0.842767295597484 0.861635220125786 0.811320754716981 0.867924528301887 0.811320754716981 0.817610062893082 0.830188679245283 0.779874213836478
"12" 0.767295597484277 0.773584905660377 0.767295597484277 0.767295597484277 0.805031446540881 0.79874213836478 0.792452830188679 0.761006289308176 0.773584905660377 0.742138364779874 0.761006289308176 0.748427672955975 0.786163522012579 0.823899371069182 0.761006289308176 0.817610062893082 0.786163522012579 0.754716981132076 0.773584905660377 0.723270440251572
"13" 0.836477987421384 0.830188679245283 0.817610062893082 0.811320754716981 0.830188679245283 0.842767295597484 0.792452830188679 0.823899371069182 0.842767295597484 0.779874213836478 0.817610062893082 0.805031446540881 0.823899371069182 0.842767295597484 0.836477987421384 0.849056603773585 0.811320754716981 0.805031446540881 0.842767295597484 0.773584905660377
"14" 0.805031446540881 0.811320754716981 0.823899371069182 0.817610062893082 0.830188679245283 0.823899371069182 0.830188679245283 0.836477987421384 0.811320754716981 0.811320754716981 0.792452830188679 0.779874213836478 0.811320754716981 0.849056603773585 0.842767295597484 0.855345911949686 0.849056603773585 0.823899371069182 0.842767295597484 0.792452830188679
"15" 0.823899371069182 0.842767295597484 0.830188679245283 0.811320754716981 0.830188679245283 0.836477987421384 0.786163522012579 0.849056603773585 0.811320754716981 0.786163522012579 0.786163522012579 0.805031446540881 0.830188679245283 0.861635220125786 0.830188679245283 0.867924528301887 0.823899371069182 0.823899371069182 0.836477987421384 0.786163522012579
"16" 0.811320754716981 0.805031446540881 0.767295597484277 0.792452830188679 0.805031446540881 0.811320754716981 0.754716981132076 0.792452830188679 0.811320754716981 0.773584905660377 0.779874213836478 0.79874213836478 0.79874213836478 0.811320754716981 0.792452830188679 0.842767295597484 0.836477987421384 0.786163522012579 0.811320754716981 0.779874213836478
"17" 0.830188679245283 0.830188679245283 0.823899371069182 0.79874213836478 0.817610062893082 0.811320754716981 0.779874213836478 0.817610062893082 0.836477987421384 0.779874213836478 0.779874213836478 0.817610062893082 0.823899371069182 0.79874213836478 0.817610062893082 0.830188679245283 0.855345911949686 0.811320754716981 0.823899371069182 0.805031446540881
"18" 0.729559748427673 0.723270440251572 0.710691823899371 0.723270440251572 0.754716981132076 0.672955974842767 0.716981132075472 0.710691823899371 0.723270440251572 0.691823899371069 0.716981132075472 0.716981132075472 0.679245283018868 0.691823899371069 0.685534591194969 0.69811320754717 0.710691823899371 0.716981132075472 0.716981132075472 0.723270440251572
"19" NA NA NA NA NA NA NA NA NA NA NA NA NA NA NA NA NA NA NA NA
"20" NA NA NA NA NA NA NA NA NA NA NA NA NA NA NA NA NA NA NA NA
