"V1" "V2" "V3"
"X1" 10.15 9.9 10.2
"X2" 4.94 4.9 4.93
"X3" 1.06 1.01 1.09
"X4" -0.02 0 -0.08
"X5" 4.1 3.95 4.17
"X6" 0 0 0
"X7" -0.18 -0.04 -0.2
"X8" 0 0 0
"X9" 0 0 0.02
"X10" 0 0 0
"X11" 0 0 0
"X12" 0 0 0
"X13" 0 0 -0.02
"X14" 0 0 0
"X15" 0.28 0.2 0.29
"X16" 0.05 0 0.07
"X17" 0 0 0
"X18" 0 0 0
"X19" 0.05 0.01 0.04
"X20" 0.27 0.16 0.3
"X21" 0 0 0
"X22" -0.03 0 -0.09
"X23" 0 0 0
"X24" 0 0 0
"X25" 0 0 0.04
"X26" 0.01 0 0.07
"X27" 0 0 0
"X28" -0.07 0 -0.16
"X29" 0.05 0 0.12
"X30" 0 0 0
"X4sq" 2.16 2.06 2.17
