"col1" "col2" "col3" "col4" "col5" "col6" "col7" "col8" "col9" "col10" "col11" "col12" "col13" "col14" "col15" "col16" "col17" "col18" "col19" "col20"
"1" 1.86347900056542 1.75392936211221 1.96446900946611 2.12754878410044 2.00455549293189 2.16374917501736 2.0380415232304 2.00885244839362 2.09610842517753 2.09864989376423 2.25650915426371 1.99189715837436 1.81162720853798 1.77559034419107 2.02945445010585 2.05103887108714 1.91790343269096 2.34898653029177 2.18184681358828 1.97973201962494
"2" 1.81065382331343 1.72338330002262 1.92216032069424 2.06618363383735 1.93740711233709 2.13356118228675 2.03278794506272 1.99088015865951 1.99880781095705 2.06391898131176 2.1965013249759 1.91337585952143 1.73395646132529 1.75305980788259 2.04773918687225 2.08576223135458 1.89458995049568 2.3228387069929 2.14158754275406 1.94916513671298
"3" 1.85654058883644 1.69983615374929 1.86591737010028 2.05293203617688 1.91029564944013 2.0868439584528 2.05821926387186 1.96602242505799 1.97126727790279 2.02678065169552 2.18384164966623 1.8770578529978 1.8170843347983 1.71394326546983 1.83056833362266 2.02191511220682 1.80275492140908 2.30911020250178 2.14159595813092 1.90644554633772
"4" 1.84349445895838 1.74055807198583 1.89166389558981 2.11585965143891 1.91332010164686 2.14841424231149 1.89114321366678 1.92193505559914 1.90925958436145 1.98450240994985 2.16919371573104 1.86893074452397 1.72158149941681 1.66133566921211 1.89881693454459 2.04458924615547 1.85210878848885 2.33973555449229 2.17568219971773 1.91753677658813
"5" 1.86468511299458 1.75386042021194 1.89482964290107 2.11375744759784 1.91882101406995 2.13692494753815 1.92748413819052 1.91934216424362 1.88783363944615 1.99010133877545 2.16865769224874 1.86246766524709 1.71904135915406 1.66140560355437 1.89849319463671 2.04818729785696 1.84826180109449 2.33972953061712 2.16651464953663 1.92165002181072
"6" 2.03351240582146 1.83008597997679 1.94308496328509 2.28378055397924 2.10185244777034 2.29225857914818 1.92543131799909 1.99092562264504 1.97390339967494 2.08559965825528 2.31957160892736 2.0301906523885 1.84979958068232 1.84392341238503 2.18362179215153 2.15244636391413 1.92143104681299 2.45432184192354 2.28917481616306 1.96485922216471
"7" 1.86150254852827 1.75017049044468 1.89349969289155 2.11339157532657 1.92808718316696 2.13643514812453 1.92748413819052 1.91998447347597 1.88127694715371 1.99564590894635 2.20146967481779 1.86507330167037 1.73215379561493 1.66107926048106 1.89675892162444 2.04818729785696 1.84639808782974 2.36800890835101 2.16867525076216 1.91785246002797
"8" 1.07205666966563 1.12666907073842 1.17596213411326 1.38449273065766 1.21982744265081 1.1264129176551 1.18409107450322 1.32875798087325 0.992359341807361 1.14822997355879 1.23565862837641 1.18093486293348 1.50355662349272 1.06157948770363 1.05388494343532 1.12875024694991 1.03692049164685 1.26768501399414 1.64653916052599 1.17480324120236
"9" 3.56491290481779 3.42723194912811 3.18427845983064 3.49847230253417 3.64811632254642 3.44055264836873 3.62262239748405 3.5863603229067 2.87078322795289 3.38310420215835 3.66675829730383 3.25803453201625 3.22464914186847 3.48561590248295 3.42109999645514 3.57705940598626 3.49286953772436 3.71985003650359 3.73460027549528 3.58567870785711
"10" 2.22034598556512 2.33604201507616 2.15671807656959 2.27169290910111 2.23926864075181 2.01638348203929 2.1660347229763 2.05694826176948 1.86841605459263 2.07846966439948 2.38282208151682 1.80060788448259 2.19945506552268 2.28029099597964 2.06127871647443 2.20353364507359 2.14023231884568 2.54149385193314 2.28696936537542 2.591422801468
"11" 1.86880380352938 1.75154403415984 1.95514327366427 2.13057927492493 2.00465025837422 2.16565129243922 2.02447389693703 1.99846359198782 2.08096693356098 2.08932811975226 2.25391707229139 1.98794366218745 1.80850183345263 1.77130778923022 2.03318037268867 2.05112848513568 1.91056511037786 2.34940065017184 2.18375712307987 1.97046827078333
"12" 1.72949051069295 1.84827326276404 1.74724575678855 2.19386146706806 2.04206577719761 1.891765903522 1.75745205715555 1.86629153208394 1.74402504690442 1.79663889454696 2.27130575781271 1.82162527785134 1.62635979624475 1.80634332390823 2.00609020080211 1.67429203696183 1.68913927446036 2.1163556250495 1.92630291420721 1.84487210976297
"13" 7.3838232482231 6.53663959183635 6.92388539810641 7.24268834220547 7.42634677256662 7.6511245117017 7.56765905085582 7.76498682129583 6.84925733689887 7.10635805278639 7.7678977698614 7.18936898022358 7.07970813183895 7.58813037202996 7.27779488782201 7.82500569696882 7.28407217750112 7.53075168834841 7.42407760249828 7.58610463884463
"14" 1.85760520095739 1.75390437680025 1.96452080882094 2.12555892305894 2.00492884356855 2.17287876118414 2.03804307604424 2.01687089725716 2.09626896027638 2.09864987444517 2.2568693507139 1.98768358837036 1.81302318702078 1.77553638874945 2.03012499315638 2.04383359933385 1.91240209179647 2.34991842407925 2.18213620453581 1.97805330512889
"15" 1.71467519377412 1.74102667475161 1.91146996936009 2.08123113838636 2.06881281852017 2.08901708276552 2.09268684721496 1.94701951992203 2.04224484642454 2.06041679469378 2.18470096728128 1.97320504211284 1.88208382654069 1.78909587880715 1.97865141911221 1.95468069018254 2.03697765976252 2.36699890446 2.1781824992236 2.08432279582524
"16" 1.83842944110134 1.74143923812461 1.94788435512499 2.14113072156153 2.09276102490515 2.19453473774086 2.0379769624053 2.06251108327768 2.07694173102107 2.13089769149236 2.26603355046174 2.00518566578448 1.84974585122589 1.80100556436438 1.99433174535453 2.07989458494154 1.90215717495365 2.35533355428522 2.20069120757058 1.93482568086453
"17" 1.57787787519363 1.60801851706543 1.54363738412441 1.87047197223795 1.62621214833992 1.70383303113394 1.544988762519 1.58725567045456 1.46584495881024 1.62868956259024 1.98919831720709 1.48735667188363 1.51851725188398 1.53677407618015 1.67374703689322 1.66229016805736 1.45669095008238 1.98708035307193 1.830642701009 1.66804499982523
"18" NA NA NA NA NA NA NA NA NA NA NA NA NA NA NA NA NA NA NA NA
