"V1" "V2" "V3" "V4" "V5" "V6" "V7" "V8" "V9" "V10" "V11" "V12" "V13" "V14" "V15" "V16" "V17" "V18" "V19" "V20"
"1" 1.86347900056542 2.1922500921821 2.06917536936117 2.1150275667893 1.72604908318217 2.11656143085387 1.88394022122942 1.73653345187772 2.0532175509647 2.1965705329647 2.03261227801827 1.97707053947876 2.08336955596822 1.9545385461506 2.14060222213417 2.10322519654668 2.10236705949091 2.28049745379486 1.90612509087745 2.01694897642903
"2" 1.81065382331343 2.15116436429359 2.02595738831104 2.09587980311943 1.68097306082943 2.07184865793025 1.87988707909885 1.6842967591206 2.00078755576799 2.20144566835659 2.06215985594424 1.93667138127955 1.92232677771275 1.89872629374615 2.0765138517371 2.08812012075522 2.03754632225578 2.27063578563236 1.88088399027116 1.98669734404433
"3" 1.85654058883644 2.11904261060235 2.03729412940128 2.05982557872112 1.66132030055244 2.00328022576494 1.8031556212573 1.67520096458977 1.92551190418254 2.15495433609227 1.89120879922532 1.88324073780448 1.93294346510946 1.86735706410885 2.06988690748522 2.02352844786387 1.98026769869827 2.26040588729885 1.84058736449365 1.89860701990815
"4" 1.84349445895838 2.10326434193236 1.97865840784 2.04205349921439 1.61669784107933 2.01222984426262 1.81673414047849 1.63889587424614 1.95490595191466 2.1426038139469 1.9465524390043 1.85045925298439 1.88715214451357 1.86683411698291 2.07055364352782 2.06493458720732 1.93750212401238 2.26895512126228 1.77223063979482 1.93464483182315
"5" 1.86468511299458 2.09965455005702 1.98637353214106 2.02476947225143 1.63485296315346 1.98193511584583 1.80171793486031 1.63832349762411 1.95339443365861 2.14491836020025 1.95237525168181 1.85461974482639 1.892924248198 1.87180714967076 2.06977223484613 2.06441322534037 1.91179181087297 2.2737844149266 1.77915385290555 1.92762944417654
"6" 2.03351240582146 2.2647578382098 2.06463896867412 2.15955746257125 1.6742232093813 2.20467491208472 1.90282052607226 1.80939434999149 2.10860168131402 2.20913352033412 2.18245161369295 2.08675039992086 2.1966571329794 2.13804553973073 2.25720259911868 2.20756523638145 2.00086698044301 2.39935280908152 1.87746259243231 2.0624691631997
"7" 1.86150254852827 2.10003068879689 1.97904522174376 2.01608163602976 1.63137824122631 1.98625399738947 1.80663216404744 1.65124161305731 1.95328817277646 2.14111442366899 1.94870641836871 1.85513646292665 1.88249105697236 1.87432664353777 2.06225140259245 2.06433910491094 1.89614582271923 2.2737844149266 1.77006920203183 1.93435136792552
"8" 1.07205666966563 1.2385237958456 1.09219422068145 1.06179327693813 1.04024183402188 1.12537974947596 1.11818488800854 1.05557843487724 1.07574505814416 1.15130599329821 1.15675572900978 1.15434151861956 1.0546836666648 1.09952274865543 1.24261718274099 1.22713812265917 1.10540133324674 1.23278980748205 1.11540802255902 1.10238246921034
"9" 3.45044527420882 3.41720488176612 3.20388974654722 3.87412907674036 3.30826752912085 3.49102788202884 3.08527695819295 3.26553937679794 3.91707725810424 3.00801339291165 3.44959241552217 4.21449847641789 3.47117410825727 3.24047181234509 3.82044696024981 3.54512602927075 3.49070840563577 3.42775634692961 3.3481438800592 3.1613519702479
"10" 2.2403420447889 2.21372393261057 2.21539655841411 2.37488161235845 2.15405546421999 2.31791715977 2.07841670063174 2.29081076738872 2.37810613182898 2.03651031182926 2.190025840472 2.55260553217306 2.26431691529288 2.52626081967601 2.5719242474739 2.2971222153869 2.30320158209515 2.07241238919681 2.07593724241153 2.11936365813937
"11" 1.86880380352938 2.19053429262423 2.06230386441995 2.11312701240632 1.71432908935783 2.11608160496675 1.87836194022731 1.73365261140416 2.05040725880887 2.19127070809588 2.03605412026931 1.97927358162003 2.08307409474778 1.95481340619821 2.14314604408636 2.10369176088511 2.08801187607173 2.28320274256869 1.89528117223371 2.01119593786902
"12" 1.72949051069295 2.21152709578549 2.04108600158948 2.00876016657266 1.86073577418171 2.14775007509592 1.68259186658449 1.71424765071163 2.06298311469484 2.18008924664601 1.90902467872941 1.93663032260011 1.90746339012302 2.15182817773589 1.64629165595661 2.14358995388984 1.71209521358028 2.33603676973609 1.7139400338249 1.86862506949759
"13" 7.33463688088048 7.47649012464563 7.0878763249711 7.20302357282999 6.76192012925822 7.79492807081105 6.79525010108164 7.24124181356207 7.18810209608027 7.35152371922095 7.37168627605272 7.36546189758226 7.816281201672 7.80852227722009 7.70062898606249 7.75784420495368 7.4162517122536 6.93682976166402 7.73518128309854 7.55831844260659
"14" 1.86207672324281 2.19130257488044 2.07044015973446 2.11533986855751 1.7260499088246 2.11656132950946 1.88366439796515 1.73662011688388 2.04836563759074 2.19646372400931 2.03261224433088 1.99924689513197 2.08336209286901 1.95575828552076 2.14087835147681 2.11074413373902 2.10236184557902 2.27915257443827 1.90874778229038 2.0224730987322
"15" 1.71467519377412 2.09350545685415 1.95209292142392 2.06639608676013 1.69191331609109 2.11983984653442 1.84329786448676 1.7601508903356 1.95430522163616 2.1079540702121 2.0789663634976 2.02645684308446 2.04331876983779 1.99091498619536 2.15525753726318 2.08020179009229 2.14653245787729 2.25868781990265 1.85184668203896 1.97213776850537
"16" 1.83842944110134 2.21643021851904 2.07265814202072 2.12590320833467 1.76387101073515 2.13673890073354 1.85333348439758 1.78116712184296 2.02997812833527 2.21198449138285 2.07360028686218 2.01570671655415 2.12540632829602 1.99498862032187 2.14054768457516 2.10875067402137 2.11710798013445 2.29513441953047 1.93102894184042 2.03326261325802
"17" 1.75377203590076 2.21210799055696 1.75241381113303 1.8682381940949 1.81022771186418 1.88093561820892 1.64657438545775 1.6024128149193 1.64115639981108 1.83269982544128 1.7771307118973 1.85131682542884 1.73978571059491 1.89201182052796 1.91106122748211 1.97705328970754 1.63594931673269 2.0526395618274 1.82520837417522 1.71533950268283
"18" 1.56643711733727 1.8510369050774 1.65324009314722 1.7909669229927 1.38042920104378 1.81844605619224 1.49256420326563 1.41177797305643 1.74801369333398 1.77613423175844 1.6350287138496 1.63911384518678 1.54913469215891 1.62090039143857 1.75111081506088 1.83191828654122 1.54242675979789 2.00507848670773 1.45002421098013 1.6087465192989
