"V1" "V2" "V3" "V4" "V5" "V6"
"1" 1.89236778144912 1.86239721007257 1.8548033324688 1.79667656848145 1.79763737143438 1.83401088766658
"2" 1.82420677569323 1.77297817669124 1.70551033003636 1.68036798590385 1.70569839136497 1.62999445360632
"3" 1.98656907094742 1.97925280909869 1.97640598051821 1.960970549862 1.95754259860505 2.01054457559297
"4" 1.78277134791707 1.78763618422937 1.79627293474197 1.68492068871339 1.6820653043773 1.71787819678927
"5" 1.8974205361962 1.85862679953737 1.85090776010842 1.88739866121381 1.86269632555612 1.92761781494981
"6" 1.87997838043057 1.8415345547643 1.74557762435342 1.77275634468175 1.77136976385097 1.82650222030974
"7" 1.80085675126501 1.76836845328102 1.75822827043341 1.79040194035803 1.79426679229654 1.85533151506938
"8" 1.6287084155407 1.61393017614399 1.58807820322362 1.50986698119285 1.55585553013343 1.51468760869695
"9" 1.79698867942823 1.73930881336768 1.78363653338512 1.77209820182113 1.76648197217984 1.82343662876073
"10" 1.89835413165443 1.90735804831352 1.80761976235763 1.8402074418043 1.84345228211913 1.86551678098025
"11" 1.77137899066627 1.71483236173398 1.74208889459085 1.75599269339481 1.77215674304974 1.82354055999102
"12" 1.90564695286898 1.91278605593322 1.86758843211988 1.87858897937545 1.87431563793372 1.90615557774678
"13" 1.7281501580679 1.72991230579197 1.72506305693675 1.71356913536388 1.71338045804416 1.75082147102314
"14" 1.84719402398815 1.86769562487565 1.84527376167334 1.80745535734795 1.80466494984053 1.78906826520173
"15" 1.8241199301497 1.78923453529231 1.83455642890545 1.78356229859236 1.77200725808982 1.84052319833458
"16" 1.86232520711462 1.84276241128175 1.83011735451378 1.82434229473233 1.83189446087374 1.91162266671978
"17" 1.83771567733773 1.86092836295817 1.66865898629838 1.71677593306814 1.73911564316999 1.80523776957381
"18" 1.74043377304439 1.73476324340761 1.70471964052307 1.64456662640448 1.6413299950167 1.58854759409392
"19" 1.81322467008573 1.75521482634842 1.73834016416864 1.73025695333142 1.7291927710653 1.76363033549257
"20" 1.74780403181119 1.75095433408556 1.83542648285482 1.80436553088516 1.81634693051592 1.93865277321739
"21" 1.82510521407522 1.79843428014986 1.71027426452225 1.7282339364381 1.72999524888464 1.73732883883424
"22" 1.83493403967439 1.83379851587006 1.8105897554394 1.77560771053194 1.77527718265143 1.80954975629944
"23" 1.81242880367702 1.771119143579 1.72618644757079 1.71589091841593 1.70982225640432 1.76897718727922
"24" 1.86270222001323 1.80851326106552 1.74399208292314 1.75809631033543 1.75928422988986 1.82573968700975
"25" 1.95315310791269 1.91752725466337 1.91079844370621 1.84802439381477 1.85052888508242 1.85090648090157
"26" 1.75008791389499 1.71838269000629 1.69342052719305 1.68338031773799 1.68389144289358 1.70692648307181
"27" 1.79330333809905 1.73122443724403 1.7452263553711 1.77373754921163 1.77925594566096 1.84189964233173
"28" 1.64319299415828 1.607430752953 1.58097886084647 1.57950311483908 1.57665019466219 1.60226866805943
"29" 1.73631749359826 1.73230895040401 1.68834544910499 1.66860696394533 1.66938260582881 1.69708026697339
"30" 1.85093392704622 1.8215499857593 1.80024712046715 1.78024932897961 1.78331591579122 1.7968092061123
"31" 1.60185073020771 1.60197126678448 1.55565488784515 1.53728050373808 1.53320120900148 1.55142122940616
"32" 1.99237321251191 2.00373841991768 1.97733828643937 1.99158562116928 2.0053340761654 2.07782786100384
"33" 1.7666922487602 1.74153124750592 1.75143288338666 1.73046703060968 1.73486298933137 1.76106419254787
"34" 1.77855944677587 1.79060811054547 1.84127471917066 1.76492914461268 1.78089337129783 1.79850858640177
"35" 1.94238879920917 1.8873232820309 1.92257386132093 1.88817934061091 1.89268791029498 1.98255414162044
"36" 1.90449876629402 1.85881650132579 1.80627933872447 1.8273665117206 1.82132198542285 1.8141252876015
"37" 1.82950045437149 1.78268206891216 1.6794876997312 1.69337743971701 1.68122341495313 1.66131459306045
"38" 1.84620959028168 1.83401866921079 1.79803049266363 1.8719080561171 1.87380975575675 1.96815859953517
"39" 1.7863275126604 1.79652198058441 1.7684264195527 1.77510580911452 1.77581119793342 1.84855932019363
"40" 1.86525802124328 1.83552499551714 1.86397181484905 1.83896035586768 1.84612907606368 1.88901015117616
