"V1" "V2" "V3" "V4" "V5" "V6" "V7" "V8" "V9" "V10" "V11" "V12" "V13" "V14" "V15" "V16" "V17" "V18" "V19" "V20"
"1" -8.17744648597978 -8.06977718055421 -8.31021952863897 -7.91089369426914 -7.95278859087221 -7.61088422962722 -7.95278859087221 -5.97642780835369 -6.35905510000001 -7.38519772381837 -8.14618966982226 -7.51770225027539 -1.9048 -8.25940507716545 -7.59791724668909 -8.27704458684616 -8.02280342792821 -8.53114264019133 NA NA
"2" -2.0149805274117 -1.77743678319271 -1.73297453627741 -1.45653518196711 -1.53480753021148 -1.55379556963586 -1.53480753021148 -0.166641178169603 1.5614569 -0.637481008274022 -1.98562025143529 -0.185261886565846 0.5908 -1.96474262816452 -1.91726944362287 -1.96911251397752 -1.56446298179964 -1.52638895990511 NA NA
"3" -10.9743111798501 -10.7008666752352 -10.408842084215 -10.3774140234611 -10.4383314648004 -10.0513170780798 -10.4383314648004 -10.124188950616 -11.2656963666667 -11.7034070029505 -10.9113761362359 -11.2301369148352 -0.2248 -10.8646187907314 -10.0762914145516 -10.9945274513454 -11.400990788922 -10.8980449785446 NA NA
"4" -3.45842563474969 -3.61286101078811 -3.76663079250357 -3.58891343061336 -3.54157044734811 -2.83690747586108 -3.54157044734811 -4.27659850237328 -4.65178130000001 -5.68709291758144 -3.41670573258436 -5.31734745628175 -1.2676 -3.48192402987993 -3.22085733296013 -3.57038039059207 -3.57358558908965 -2.80969398113649 NA NA
"5" -3.5304760771637 -2.72403002696867 -2.63370959754681 -2.39601612380363 -2.52232613171709 -2.38939938807084 -2.52232613171709 -2.09808849237796 -0.781450999999999 -1.52166046349335 -3.45134266348382 -1.04781165836776 7.5188 -3.43826868817984 -3.07565626417233 -3.65675332844447 -2.32932577416179 -2.41718430724262 NA NA
"6" -0.861035103886162 -0.989050066722556 -0.744813135317687 -1.01765232995351 -0.966338172630463 -0.777243564714798 -0.966338172630463 -2.7937431394044 -1.75728096666667 -2.48365841441379 -0.856971156893451 -2.16851934643669 2.1374 -0.797575410488552 -0.844652109705418 -0.929377295966015 -1.96600612712011 -1.92128150266213 NA NA
"7" -3.33444403404067 -3.27158593622899 -2.90196418413931 -2.44784115968299 -2.583349606582 -2.64902391149059 -2.583349606582 -0.904161901291215 -1.51776723333333 -1.49225745782164 -3.28784895161883 -1.57394036719438 0.0530000000000001 -3.28837611649455 -3.07565983406471 -3.12788647908724 -3.2183855735809 -3.26067727477007 NA NA
"8" -0.469998732084563 -0.677183365409267 -0.551683676056865 -0.502361505998085 -0.530289460778859 0.1022332491892 -0.530289460778859 -3.3185817021452 -1.4194951 -2.89598936724079 -0.42821474499168 -2.94162401105428 3.5306 -0.619377663320332 -0.698960397201205 -0.707236152951436 -2.11080306422603 -1.45767708425572 NA NA
"9" -2.24048344315778 -1.84820820172822 -2.19864054052134 -2.21761504148022 -2.19568626511395 -1.50979522346261 -2.19568626511395 -4.07149530034092 -3.5221416 -3.25147472101581 -2.18832877041203 -2.73407976077835 1.4714 -2.29323036916597 -2.18506201097245 -2.72997632844799 -3.27462621788381 -1.44910598357285 NA NA
"10" -0.458942982570165 -0.753190928776187 -1.13159631401685 -0.744398632263538 -0.738874364515301 -0.382734189903312 -0.738874364515301 -2.52797937802066 -2.58705876666667 -2.56185509784001 -0.45824401249398 -2.02603170658255 0.6518 -0.551072963266849 -0.652277782527236 -0.691448356267485 -0.784012983124533 0.26232847721711 NA NA
"11" -0.59686166870015 -0.531909446385175 -0.351709001251642 -0.493058974080908 -0.531334820686283 -0.529035786276355 -0.531334820686283 0.288276085958135 -0.581348000000001 -2.33873027795999 -0.598937744038498 -1.56985452955543 2.9992 -0.692239938794036 -0.828500724776854 -0.418190066494597 -0.797102565952734 -0.944945657300224 NA NA
"12" -5.75818876664431 -5.64851615173757 -6.02881563955169 -5.71502257205032 -5.69449542477005 -5.01683302391306 -5.69449542477005 -5.92580609464145 -5.10144266666667 -5.7228328405423 -5.70834267579798 -5.6024012895906 0.0460000000000003 -5.55161066016718 -5.35281975154647 -5.49130563775118 -5.81424343550827 -5.40507662200179 NA NA
"13" -5.41881089169297 -5.60792641826211 -5.47780874420046 -5.081761242107 -5.1562941243742 -4.41475856601733 -5.1562941243742 -4.8571815296685 -3.87910206666666 -4.10407549276439 -5.35033502146054 -4.3263656484737 -0.8222 -5.42890745669232 -5.07409725764425 -5.57969486271292 -6.41930322851818 -4.85907774706072 NA NA
"14" 0.2911549947062 -0.20182258648538 0.265575763350253 0.105602776189858 0.122225543923053 0.388573526769302 0.122225543923053 -1.89448548941748 -1.52453676666667 -2.92172235892287 0.297188272716439 -2.22785695086087 -1.2348 0.0476665394633325 0.121729600450251 0.335539051208957 0.266358179343626 0.340120699805453 NA NA
"15" -3.56828664882597 -3.66496758100941 -3.82516294395802 -3.15310054676076 -3.27426508022079 -3.45759319250355 -3.27426508022079 -1.63532574720987 -3.03039136666667 -2.30488051438504 -3.56298704709588 -2.34086096408909 1.0182 -3.62723961965113 -3.41334626306212 -3.31327412027985 -3.44180732148144 -3.68044450161337 NA NA
"16" -3.14181356182915 -2.55136442194964 -2.7249739012347 -2.93198569310278 -2.88961329527486 -2.32553693993837 -2.88961329527486 -2.05475988350149 -2.0487112 -1.6758827335351 -3.08405022106196 -1.48873359701422 -0.6336 -3.06368649926999 -3.19100669583619 -3.3334040207918 -2.88960006449514 -3.11699615521468 NA NA
"17" -3.05064221701963 -3.48398765277758 -3.43959548848897 -3.33538557049246 -3.3079498383313 -2.64821401300601 -3.3079498383313 -4.17860708512082 -4.16132190000001 -3.60746252226798 -3.02829025050902 -3.58188115966647 -1.8398 -3.16316847663171 -2.97042182603081 -3.13937221167915 -2.59104938987602 -3.3358722822925 NA NA
"18" -0.00427986506986366 0.151104551188931 -0.157189746679802 -0.057513631944488 -0.00302206995228249 1.04604109764048 -0.00302206995228249 -0.969347032386616 -0.2857859 -0.39903915673617 0.0700618777820656 0.269873484975217 3.4934 -0.0299600107652411 -0.413934487334225 -0.00268700085701479 0.890871555479041 -0.227249293153122 NA NA
"19" 2.16539198748028 2.19702078334655 1.84879000606507 2.44642107479112 2.38563139830534 2.22315661700925 2.38563139830534 1.21950671830052 2.0059964 0.56593226141377 2.17035483627529 0.524004468457948 2.1008 2.32525151293172 1.98724025661475 2.31705252620236 2.45569684436274 2.44534995150184 NA NA
"20" -22.4968380179176 -22.7780272352435 -22.5646994239779 -21.9546206307445 -22.0548817584201 -21.0240710048173 -22.0548817584201 -20.5212191684442 -15.2401415 -21.5338379131654 -22.3978726155582 -21.4148612712794 -3.724 -22.3507574703004 -20.9136561750686 -22.2408424855151 -21.8538175453309 -21.7272862988436 NA NA
"21" -1.63059998373571 -1.62877499709584 -2.11658865724026 -2.03552414811191 -1.92768432537658 -1.31191882107418 -1.92768432537658 -1.48217242554478 -2.61667766666666 -1.14528167803916 -1.60889933290516 -0.670511307172244 9.8286 -1.63502213130649 -1.92136411252381 -2.31063262130763 -1.38269164557712 -0.973284337573688 NA NA
"22" -0.966313582860857 -0.783134419279379 -1.16136359288157 -0.995600909209848 -0.982511833295476 -0.576849184758463 -0.982511833295476 -2.97331048942809 -1.1716791 -2.24494923473379 -0.938466281317654 -2.43689229325084 -1.2802 -0.780906233994708 -1.15326493640883 -1.14128253811151 -1.99127204123561 -1.71262356850247 NA NA
"23" -13.4389659745575 -13.8508408115145 -13.4188868388335 -12.9965408255377 -13.0996669307818 -12.3261405208458 -13.0996669307818 -11.59558768367 -12.0538439333333 -11.9802324719907 -13.3666835668254 -11.4060008805428 -3.547 -13.6483011467142 -12.4521106006782 -13.1212489917165 -11.1981804027792 -12.7154326809283 NA NA
"24" -1.30077916310982 -1.57480559724589 -1.71100893304499 -1.51339993896832 -1.52860969648187 -0.616785124283219 -1.52860969648187 -2.71180193225102 -1.3542535 -2.01362284247118 -1.25569525516539 -1.66524357572172 1.7598 -1.22485479714648 -1.21048425501323 -1.7224832117393 -2.42958116451299 -2.77559735214723 NA NA
"25" -8.26351550792148 -7.87653105369092 -8.15009019631741 -7.79894636596152 -7.86463244885437 -7.7587367610417 -7.86463244885437 -6.04227530008875 -5.02873356666667 -5.34920716276579 -8.23449510075031 -5.50090161863199 1.1096 -8.32276735418628 -7.73037897632491 -8.40680947041243 -6.5503795038943 -7.3491330146129 NA NA
"26" -6.720218362335 -6.79329968050769 -6.29973426312548 -6.73398430623231 -6.77968276192035 -6.61816224931294 -6.77968276192035 -6.03773638771819 -4.98920083333333 -5.58096747907214 -6.72242770959173 -5.95923493170621 4.5392 -6.66872522048136 -6.20520433974413 -6.71194067937591 -6.60611475665436 -7.2970341144797 NA NA
"27" -3.178591268501 -3.03345833345731 -3.35528594094458 -2.89405728014765 -2.91954732537713 -2.35567304750749 -2.91954732537713 -2.58514711747945 -1.27424186666667 -2.47287699268956 -3.12015611874482 -2.22864428943195 1.98 -3.30582387756298 -3.04905257074082 -3.30007739113171 -2.2555573109396 -2.61123292353743 NA NA
"28" -6.22598748290908 -6.23723829914279 -6.61844120957609 -5.97772832751889 -6.05073328406918 -5.50602049930529 -6.05073328406918 -7.0729981669652 -5.33151019999999 -6.73687125868476 -6.18141411201501 -6.33523164712556 -0.1078 -6.15036157272104 -5.51132688882723 -6.22777493432436 -6.7877486205798 -7.18754871720107 NA NA
"29" -6.30951026963422 -6.84709893327181 -6.65828393353752 -5.77547302857697 -5.95038379957748 -5.84786477987954 -5.95038379957748 -4.69204243526374 -3.71728626666666 -4.42836007982546 -6.28266002070918 -4.29882845770055 0.1444 -6.13520772149979 -5.77668662997544 -6.08924366859287 -5.53326822258482 -6.27169668555322 NA NA
"30" -5.97931090479806 -5.68939136491243 -5.74533586190648 -5.24688075733724 -5.4101844933249 -5.35591077318722 -5.4101844933249 -4.28864041416159 -2.3094228 -3.79731394369992 -5.93708380493325 -3.14595953725434 5.3252 -6.06771844679225 -5.52205964195727 -5.79063331110981 -3.82148554701209 -5.02131689710389 NA NA
"31" -4.46962511566118 -3.72909570649968 -3.68695814221782 -3.63948477890032 -3.78212711804463 -3.8504355039998 -3.78212711804463 -4.64021863937562 -3.8164005 -4.03315038869084 -4.43173730526337 -3.87991957055804 -0.6386 -4.47975090437034 -3.92172020268952 -4.52179356562041 -4.80679011176065 -4.98084610060141 NA NA
"32" -1.04283022813223 -1.17145443643556 -1.61694648249917 -0.905062622291965 -0.903199851378624 -0.315030411987915 -0.903199851378624 0.500944848820669 -1.6230334 -0.454489836006348 -0.995026921407655 -0.4225501812633 2.842 -0.870512652008187 -1.24114756831745 -0.97521947429059 -0.244889706930532 -0.195149146304473 NA NA
"33" -17.8505238639641 -17.9089850681286 -17.4518457723981 -17.817684237026 -17.8583090725752 -16.9069084818293 -17.8583090725752 -15.1447088160994 -12.5337093 -13.3785388688504 -17.7929976227036 -13.4090509182586 -3.1024 -17.8862217850888 -16.5737291355136 -18.0316520044411 -14.8865655315399 -15.2459014069672 NA NA
"34" -7.16685256337543 -7.71762767600453 -7.32480669116671 -6.83086160423916 -6.95231755886998 -7.21027887480681 -6.95231755886998 -7.48960513616282 -4.92181619999999 -6.59218775679156 -7.17786689425445 -6.73847727322256 -5.2548 -7.15028660832248 -6.47360637104482 -7.07678808428088 -7.26460269717942 -7.85516503596038 NA NA
"35" -1.12222604830488 -1.00747157802063 -0.697692110576072 -0.893321714230238 -0.910332830572269 -0.844050328507541 -0.910332830572269 0.174576996252034 0.474938233333333 0.235871763094724 -1.10752050472489 0.337438524672542 -0.6932 -1.19692611931142 -1.1206753125039 -1.28499631189923 -0.196264220158653 -0.370009618596697 NA NA
"36" -12.1771221276855 -12.3945917884962 -12.5547918759647 -12.1713532170963 -12.1947844806916 -10.7752736149358 -12.1947844806916 -14.0562491728847 -12.3413584 -13.2248579547317 -12.0788611963306 -13.0510325116846 -1.4208 -12.1540171850059 -11.43732629205 -11.9409115770175 -12.5258893515314 -11.6720833933613 NA NA
"37" -0.160315552855373 -0.43794701959917 -1.08946248004873 -0.68867586558353 -0.600201080257696 0.232774536247128 -0.600201080257696 -0.609722234332894 -1.9526838 -3.05624005954666 -0.134025804266034 -2.82034776819076 3.432 -0.0944114585590978 -0.668062916962089 -0.425681717207486 -2.88362168958856 -1.3294517980009 NA NA
"38" -1.34086499570837 -1.40219420998489 -1.79935347940383 -1.02601005607778 -1.09529671251829 -1.14019538041662 -1.09529671251829 -2.66577772064813 -1.79556213333334 -3.70051618134534 -1.327841042696 -3.53645418723988 0.315 -1.40716874405101 -1.42167090178345 -1.14746814443321 -2.04845723466977 -3.08222755764392 NA NA
"39" 0.981910856851627 1.04791299149378 1.69731221734994 1.35150051012951 1.26892363864831 1.08947804686085 1.26892363864831 -0.783894007450457 0.3384002 0.456089623561588 0.987523127196143 -0.0659589246211265 -1.2348 0.811024990668275 1.0444071972386 0.916204173934247 0.867012668044737 1.08605162819592 NA NA
"40" -4.92480322272363 -5.10231542521929 -5.12980571729755 -5.1195066347864 -5.13158809035033 -4.11639264537675 -5.13158809035033 -4.87409846886137 -3.90416453333334 -3.85624402855092 -4.86889777219363 -3.38939937706619 0.4212 -4.92419586712339 -4.57278669596621 -5.20462451055661 -4.39864159677797 -4.24114190974986 NA NA
"41" -6.59466244057913 -6.2802644150211 -6.57009862571003 -6.07463318074143 -6.12971982357278 -5.78376363864691 -6.12971982357278 -5.96132803371467 -5.10394323333333 -5.45873476839068 -6.53810702726958 -5.17618379390555 -0.363 -6.66359983476247 -6.18771589512363 -6.74513869945519 -4.60511428220539 -5.66018268719949 NA NA
"42" -5.10325398439666 -6.08247303008985 -6.15626770766579 -5.58182852980109 -5.53505123845889 -4.20337205665446 -5.53505123845889 -4.15877248865189 -3.4206537 -2.88787361204851 -5.0431535450158 -3.22757544161233 -3.21333333333333 -5.1763654899703 -4.95463558230855 -5.09454179546697 -4.32064590940595 -4.52698188632269 NA NA
"43" -5.25059526239377 -5.38459259349145 -5.41927864983262 -5.12319846370092 -5.152940357663 -4.83008762228202 -5.152940357663 -4.72633868681007 -5.0934436 -6.46930401678286 -5.22470678452263 -5.73989053853111 2.5796 -5.32215276588714 -4.6847454537984 -5.17827546469399 -5.32668429149859 -5.52305459406172 NA NA
"44" -8.52791107064656 -8.34234619093578 -8.07805917851628 -7.59015430160275 -7.73758642738051 -7.7719755902688 -7.73758642738051 -4.73842999291733 -4.61980896666666 -5.09903135410523 -8.47753754072052 -5.38437576145125 0.869 -8.31294694006732 -7.8530895771458 -8.53044187035436 -6.47927592571376 -5.68290573709803 NA NA
"45" -1.38968716480204 -1.77390980132322 -1.54272534563699 -1.94385794792806 -1.9013413887771 -1.26263258753127 -1.9013413887771 -3.78945890858901 -1.16731226666667 -2.34977704545408 -1.38548242390301 -2.2490479045168 1.3126 -1.48728969445009 -1.57974899685038 -1.56558980263196 -1.87897756065701 -2.42355860731253 NA NA
"46" -8.08598105987871 -7.92232861236133 -8.73594641706308 -8.42513154530138 -8.31203196598474 -7.10319862500417 -8.31203196598474 -7.89649982868244 -6.44457426666666 -7.47080131890978 -8.0199550437743 -7.22936076977442 -0.5976 -8.11389217676433 -7.64500957496354 -8.75971464645826 -7.99858432402199 -8.648539910989 NA NA
"47" -8.23511473935101 -8.14259330811385 -8.23003622050795 -8.05762872473276 -8.10978366058068 -7.26037127760508 -8.10978366058068 -7.52149182080892 -6.90655573333334 -8.29703699068936 -8.16858660026701 -8.0125357457689 0.779 -8.22570817849627 -7.49449412579035 -7.96706987743777 -8.48991429109009 -7.30002528442772 NA NA
"48" 0.590570168842666 1.19828378926033 1.24734870187138 1.34150464140791 1.29333893037488 2.02620390062657 1.29333893037488 0.0174979053226332 -0.244295 -1.1298740609478 0.692015383926704 -0.567187241959582 8.2876 0.797612107565863 0.639687547076722 0.522491727689609 0.0545644345876042 -0.683639973586409 NA NA
"49" -0.334827206300975 -0.0286990745521711 0.0726522389979491 -0.0257526689212728 -0.0684093713637939 0.233469088168675 -0.0684093713637939 -0.866748010624358 -1.39026056666667 -0.507711383064651 -0.297806101564588 -0.275606914862148 4.7816 -0.305366278678233 -0.489390138759809 -0.677911529538799 0.283633279793488 -0.0814621822095631 NA NA
"50" -1.93185055914613 -1.78318922387364 -1.85954821886243 -1.4085237737084 -1.49605211660834 -1.27878567946813 -1.49605211660834 -3.29688945894853 -2.31930853333333 -4.49286628764921 -1.8853612536131 -4.10368359690983 -4.322 -2.20252362078278 -1.99667776856989 -1.87470670454483 -3.11309424597878 -2.17337136903736 NA NA
"51" -6.28789207324413 -6.39823360377077 -6.64891642271152 -6.84504107890843 -6.74514787346087 -5.37072565429813 -6.74514787346087 -6.1080971667349 -6.50917093333334 -7.62917381486845 -6.2268494108774 -7.09198840392968 -2.9072 -6.45649019592415 -5.92400284686632 -7.09104315907487 -8.14328577643654 -7.53120981242127 NA NA
"52" -2.98648099037327 -3.31019262001151 -3.31816627916619 -3.0484876877942 -3.06471555881825 -2.37563101764165 -3.06471555881825 -2.69599949249984 -2.24469096666667 -2.00186310188214 -2.94687421767786 -2.00905244804348 1.9934 -2.95036678611514 -3.03624801857095 -3.30619513186927 -4.02832505148593 -3.934896073359 NA NA
"53" -1.51130673429091 -1.11403609606567 -1.22164115936394 -1.31880206604991 -1.30352105188211 -0.956306394235473 -1.30352105188211 -0.792346031632486 0.914354833333334 -0.75855478306869 -1.47309362285734 -0.709507273612832 2.3136 -1.59174857723674 -1.45447682702501 -1.97668316574174 -0.618119840909102 -0.805206755791687 NA NA
"54" -3.76496164860087 -3.54104822981066 -3.29226323486516 -3.59530028719158 -3.6050315519586 -3.42132858932938 -3.6050315519586 -5.40664552094922 -2.7426867 -5.16992156755591 -3.73984290073049 -4.35723405471799 0.064 -3.83686869323699 -3.45998635303757 -3.72490682362193 -2.95417080403877 -2.81627840255928 NA NA
"55" 1.86452103958963 1.8140340256699 1.45774810433793 1.24133082334234 1.30862592202876 1.3499804881437 1.30862592202876 1.15149308169992 0.452935233333334 0.425111368843871 1.82062991917476 0.273207075668897 3.7104 1.73666017022857 1.40526881336421 1.32960830047005 1.28530738353574 0.937351283933637 NA NA
"56" -2.6134320500082 -2.61175998715234 -1.74595613951945 -1.88127248152825 -2.05173052582152 -2.24169834629443 -2.05173052582152 -1.47702549894455 -0.978037366666668 -2.62586587286688 -2.58683302937503 -2.15732096824889 2.6816 -2.4641406760007 -2.47311924463075 -2.41804381659505 -1.80392211170475 -2.18549029877926 NA NA
"57" -7.98470608283903 -8.66597214143735 -8.7947480355693 -8.11531666544754 -8.16353286541425 -7.27157909293447 -8.16353286541425 -7.69667691333742 -7.26571596666667 -9.16193452304146 -7.94063863377166 -8.81079394934088 -2.5684 -8.01646147201912 -7.46850653780228 -7.82577539692211 -8.51970869241035 -8.35817625345253 NA NA
"58" -4.46153069111032 -4.45503413913396 -4.77490391638991 -4.74193290608954 -4.64811088448392 -4.34179312189007 -4.64811088448392 -1.35910961790318 -3.0747563 -2.03041600787773 -4.45694905241415 -2.31035040874373 4.4228 -4.80186412642513 -4.34619164763118 -4.63052163901895 -3.21451419340111 -3.40716942649954 NA NA
"59" -7.63882050205702 -7.33669352532928 -7.36570012476713 -7.19076744161836 -7.28206384225148 -6.42821927338508 -7.28206384225148 -5.83941416636713 -4.66563649999999 -4.90255242992983 -7.5525613544519 -4.86177805277705 1.7612 -7.73320252036156 -7.09353791475094 -7.91631582673721 -5.64561309949207 -5.71926143262237 NA NA
"60" -4.25689070941607 -4.05417590287471 -4.53235032851768 -3.99906214666631 -4.03689973878745 -3.55448219856439 -4.03689973878745 -5.89817564136314 -5.46188590000001 -6.34459515370211 -4.2109286599698 -6.01135981763244 3.032 -4.13798488800969 -3.97295254959844 -4.62905496701411 -4.44387785433227 -4.66673653588208 NA NA
"61" 7.24124081576129 7.43874897704091 7.70907268792168 7.81524471799811 7.69638669768485 7.78867542579783 7.69638669768485 6.73863832498722 7.21487376666666 6.68711735197915 7.27987231193404 6.38275251711857 9 7.33931620742687 6.95856385614812 7.63864782916127 6.54026720276305 5.52327829550052 NA NA
"62" 6.53319567082783 6.24382618974332 5.54838796007507 6.24068803637264 6.24673425526789 5.92659109369981 6.24673425526789 5.77647401530422 5.29832336666667 6.19386080704373 6.48823552903466 5.9923471815624 0.4706 6.66762804953696 6.15864200259479 6.79882415423356 5.26732567860834 4.91466382056258 NA NA
"63" 1.83269518287856 1.80681259684588 1.31820084120308 1.14438261669669 1.26337238152243 1.68333874845845 1.26337238152243 0.793895067177027 1.99052713333333 1.74572519803289 1.81743118495021 1.7370465215425 5.985 1.94284493979855 1.75058665757803 1.525599426951 1.93636022206345 1.4482585955172 NA NA
"64" 7.94489103163107 7.94455734243981 7.95154769328475 7.93338688662165 7.92501288106892 7.87021021051876 7.92501288106892 7.7691922881963 7.59178930000001 6.1557258743922 7.93598767606018 6.91935105853992 11.6762 8.08258557868207 7.83888412817615 7.70282306222574 7.58637604537969 7.85145871773544 NA NA
"65" 7.13154498594173 7.15785875912722 7.53171811413016 7.08242404229903 7.05951968175142 6.67698391003565 7.05951968175142 7.344079728825 5.80414659999999 7.00981156292583 7.0989190997819 6.7187953163422 0.5724 7.31282253253833 6.8145266743532 7.29867340678092 6.77910662094528 7.04082774243085 NA NA
"66" 2.14488997807208 2.51515719863212 2.00526798420236 2.58780081257174 2.55908149334764 2.86970171194182 2.55908149334764 2.1773046021616 3.24468473333333 2.54603268648204 2.19429224345488 2.41969442472769 4.4146 2.08234206146852 1.79607887018135 2.15311238486149 2.03420509464464 2.03604939030399 NA NA
"67" 4.44673746584931 4.71852134000652 4.95210366676723 5.2023773297846 5.12098779075268 5.47269343755575 5.12098779075268 4.16186577838694 5.64867406666667 4.55132689248093 4.52186711332059 4.96665414919214 12.0156 4.4110588430218 4.34314869814726 4.48358618055136 4.11119828720691 4.38713961537042 NA NA
"68" 1.84235297284201 1.75028567002509 1.63503527598912 2.044723222872 1.98685511122383 1.83091519439934 1.98685511122383 1.60380433476345 2.23093086666666 2.80661417808235 1.83993944807727 2.16178007759157 1.256 1.86713863662214 1.72955339957273 1.65624780948989 1.79685744508584 1.39865694393045 NA NA
"69" 6.1382662538279 5.96033077891575 6.28945028387838 6.25079916671166 6.22112829902794 6.63635192862079 6.22112829902794 4.88766075473397 5.71424520000001 5.17929244345664 6.17535369831467 5.46729976068061 8.6052 6.06746200680259 5.54521520268766 6.4275671555215 5.87445220227327 6.17784535233669 NA NA
"70" 7.56778276284997 8.52215115190715 8.34257556761253 8.12893769828685 8.18235935353031 8.5900519202031 8.18235935353031 6.74607447577564 7.4034529 7.0327096238834 7.64328009557194 6.9557733006455 10.1458 7.51388636583582 7.20802107146597 7.49426397149101 6.87695462403594 6.09823117192016 NA NA
"71" 1.08144632729424 1.33565544502416 1.18456205840591 1.67630232926371 1.59841810294473 1.56912065210059 1.59841810294473 2.63250089844821 2.66987063333334 2.04297910644065 1.11187950139241 2.15225350354738 4.9094 1.20243357291791 0.718797350223766 0.821434605956518 2.46686065444333 1.62266798328837 NA NA
"72" 1.51935062444701 1.51448215877985 0.952490996829506 1.29693481368529 1.35591195769262 1.83294425553211 1.35591195769262 0.708803340788177 0.866306333333333 1.43506100905968 1.54234700885864 0.970969862260231 -0.5186 1.37974528202614 1.24961154971594 1.01182062889805 -0.0292546690417694 0.295535923118223 NA NA
"73" 5.78622437003722 5.7153911504755 6.43856217678938 5.84475533214415 5.82420593595859 6.12696785873562 5.82420593595859 3.77278012779997 4.4121074 5.58157678779922 5.81036182370452 5.55312570692467 10.7378 5.72819733694665 5.47805090870678 5.77719835633103 5.98613408074554 5.60880503430604 NA NA
"74" 3.78790251793958 4.72672053784537 5.51141080358712 4.90341666346988 4.77733975084424 4.25504178935149 4.77733975084424 2.8116125046633 3.14143026666667 3.43462411571439 3.82287313298208 3.77616962819027 3.5272 3.88771765393324 3.79709772507436 4.22087470519596 4.96162839492086 5.10493471794204 NA NA
"75" 7.77364670943184 7.33889282670549 6.98369385460285 6.91673285440335 6.97886373827284 6.91201384833977 6.97886373827284 6.12436176998713 3.59274866666666 3.96881061608919 7.70896202236029 4.04083902992621 3.2848 7.616989260036 7.56363135602473 7.22759766198757 4.86649275516468 4.30573074445012 NA NA
"76" 8.06427561848537 8.28330952386477 8.5174410014261 7.88162639495528 7.93270965059276 7.55898835775376 7.93270965059276 8.3307254838808 8.58725489999999 7.34964175278898 8.02784378594029 7.17596577336766 4.1316 8.17834251926292 8.11625302784354 7.63155072607142 7.02862490566113 7.1546212331707 NA NA
"77" 4.54824215673791 4.67971758393874 4.80877657893593 4.29887360181141 4.35102921659412 4.71555177240756 4.35102921659412 4.33469225171953 3.37055353333333 3.94986981610597 4.56090722983814 4.28157073813275 4.746 4.53379442418803 4.26416679731589 4.52693502682893 3.46800360909907 3.50470786666568 NA NA
"78" 6.69472430690055 6.37785599369632 6.69141849939379 6.33995984707944 6.39182632812125 6.90067639903368 6.39182632812125 7.34273835741047 7.5275226 6.99297865143983 6.70856665586958 7.0316628397134 9.2836 6.50271283674842 6.87087294621588 6.30896818656358 7.31090387803569 7.69781504916529 NA NA
"79" 7.91304050718105 7.86299131107971 8.24291750952584 7.71012121823416 7.75661090623447 7.73794409025786 7.75661090623447 7.69179309061346 7.14637796666666 7.11683005448291 7.8977254353191 6.87913860488978 10.143 7.73267597436237 8.04974376819003 7.45959500231479 8.07810900901359 8.63499343224385 NA NA
"80" 3.70393175183603 3.7683145728632 3.84846780953583 3.45134200379199 3.52000329052444 4.35933467059877 3.52000329052444 1.86078161712008 1.79105003333333 1.18639815273574 3.7503679188389 1.89846400355572 9.3358 3.89174588912173 3.36844145829935 3.53948048174829 4.03716210406773 3.54012814045537 NA NA
"81" 5.20751889435315 4.91421052171007 4.51749395139928 4.98971845981459 5.02874500010604 5.19932106073372 5.02874500010604 6.5192765432809 4.34369393333334 7.22768968357634 5.20747503760304 7.18422005596586 5.8198 5.37213599987658 4.68571418818316 5.11375406047311 4.74794790416264 3.90001694964588 NA NA
"82" 2.26730626263715 2.21356533359079 2.59243440766038 1.79151679664183 1.89282673197485 2.65483355515041 1.89282673197485 2.52318348159513 1.93981466666667 2.59424466192351 2.29583829483272 2.44505612248614 2.2804 2.36229279420454 1.93431742376983 2.196449326318 1.03378736439494 2.1142716291922 NA NA
"83" 3.65552751274924 4.03267331096076 4.19909750908857 4.16445797278288 4.10185366837343 4.10156685045411 4.10185366837343 4.05560877495716 4.05427286666666 4.75360026143339 3.68874998079488 4.50590051097059 6.5022 3.73268406831249 3.35824211354891 3.96231635960065 3.65947950474452 3.75237204834683 NA NA
"84" 1.29121883634958 1.17437114715462 0.97571275452696 1.42322236094336 1.37530399882229 1.32268394320784 1.37530399882229 2.39736340558943 3.02864616666667 2.61235206267461 1.28980387733516 2.07790826122277 6.4994 1.17313956588641 1.51086447268639 1.50253674071312 1.01923241564103 0.584128752295001 NA NA
"85" 3.6180075993415 4.178308905314 4.59083926533575 4.26682896017552 4.23020067373522 4.64801849734255 4.23020067373522 3.43636526175805 1.9407222 2.3932198184252 3.69197446131413 2.59648942535549 11.8774 3.49943054054918 3.37649282883409 3.47102674407155 2.71287700440287 4.48073965584149 NA NA
"86" 6.52351679519533 6.16940847916256 5.95864099717559 6.3336402782952 6.32254882835549 6.36949801483396 6.32254882835549 7.02772834983616 6.5116157 5.50939409078979 6.50665468930289 6.0886725585026 10.1042 6.5163953620374 5.95323555729274 6.55735457186297 6.66030394148017 7.83207418380033 NA NA
"87" 7.0336880723414 7.1202683534011 6.99449707418932 7.26762051340798 7.23860055801536 7.63763434499852 7.23860055801536 6.10128223817504 6.98645153333334 5.03338549116494 7.0764729327289 5.43829447364843 12.2872 7.07994883987996 6.84108461287842 6.58329858565018 6.67769471527732 6.91803820429483 NA NA
"88" 4.18110308314751 4.14471107646574 4.30961800852991 4.37713876401738 4.35830188805287 4.25636656888546 4.35830188805287 3.76700395438805 3.1721501 3.04898804786218 4.18388838782608 3.34439802730746 4.8544 4.29324418854035 3.9830770059571 3.89113735760151 3.59344400421883 3.40989622552135 NA NA
"89" 2.58255697755383 2.88454142448957 2.73759934354147 2.8628500414233 2.78566634930542 2.53540869876794 2.78566634930542 0.948257126298986 2.6415173 1.08498025015588 2.57779369259865 1.36606510577452 7.4732 2.66468563323538 2.63026125206015 2.52168568333747 2.54987408387074 3.60715084919538 NA NA
"90" 1.37065532452712 1.50604869037816 1.40282483173116 1.59745109837172 1.5270319311701 2.10529894350861 1.5270319311701 1.03627948252948 3.25889626666667 2.03281146485479 1.41881493298926 2.01589899696596 3.6042 1.5118049368639 1.14111673528083 1.40750333631872 1.02230031769937 0.428555825770154 NA NA
"91" 4.60850360997715 4.60989220512171 4.84374988287829 4.6822607689864 4.64798052909579 4.7168093064612 4.64798052909579 2.93471359054812 3.05579263333333 3.1606982742002 4.61262282030738 3.1285154752053 4.3806 4.57496083197738 4.47726243097692 4.73839023592976 3.76612814857551 3.4071949189957 NA NA
"92" 0.210135208217391 0.177922586677807 0.0624483896052084 0.208130468092687 0.225327526661031 0.320297047758803 0.225327526661031 0.683986006161483 0.720446533333332 0.588155073818113 0.220839517942679 1.06778756259841 3.0466 0.176962815054212 -0.000626658998402974 0.103757037420806 2.43264123860447 1.97378772674101 NA NA
"93" 6.04423574905211 6.22553929291515 5.93941663272122 6.17244670153197 6.12583859974858 6.36414494171812 6.12583859974858 6.52365511580524 5.1794227 5.68321965960284 6.06854118443815 5.86576939401725 3.861 6.14892341017253 5.62167885342256 5.96455938983206 5.86732076912647 5.84490567648422 NA NA
"94" 3.4442737645043 3.40662683291671 3.19414942646087 3.32025116271117 3.34082901109278 3.51176770004971 3.34082901109278 2.59414929293054 1.5103619 1.41431755538505 3.44939445503307 1.89346121153676 -2.267 3.46377210488056 3.2699378009283 3.31334436380508 1.80195331770364 2.3773020251802 NA NA
"95" 2.1768123942844 1.96694437276531 2.15672116034344 2.21264627127078 2.18747507750702 2.41283823253828 2.18747507750702 1.76498224302891 2.50360303333334 2.40108001617803 2.19073386470813 2.53013368929504 6.7914 2.31110896667913 2.13046655077723 2.03455882933131 2.21913171007866 2.40291905478992 NA NA
"96" 3.37879514853187 3.81867995448132 3.9959152329266 3.83802285240012 3.7771948004322 3.47623503474887 3.7771948004322 3.22455956781322 4.01157859999999 2.96317543036113 3.38380592679479 2.96948695023945 1.9954 3.48101609745995 3.26503619460586 3.79839351325554 4.14881195992754 3.82971593960319 NA NA
"97" 2.90099280824722 2.937831265894 2.98684350094591 2.46239188096316 2.56237811197768 3.20121887659871 2.56237811197768 3.96614871454045 4.06641053333334 3.8382869067956 2.92401585458366 3.88404441723126 7.50033333333333 2.58709790965147 2.72161819454312 2.57504362655172 3.05119207630157 3.06201553361889 NA NA
"98" 5.94149847960935 5.3716499471091 5.87376790007991 5.74534222978677 5.72940121255858 5.61234406397174 5.72940121255858 3.27995799461346 4.54507443333333 3.76524169196426 5.91711229220029 3.85543931800082 4.9706 5.80754028048112 5.34701044779163 6.05277560021254 5.37762945356113 5.45296387478054 NA NA
"99" 0.752124834949618 0.137245374425309 -0.0296817769732878 0.315654641120005 0.320602989138542 1.42151533287256 0.320602989138542 1.01697630944869 -0.0468265333333334 1.47142695783785 0.797158737270712 1.65331871674723 2.4708 0.816546355741043 0.580982992060322 0.557917666688083 1.0939043589129 0.459468229259016 NA NA
"100" 8.69404927652614 8.48046431555632 9.29199787118778 8.89895582985146 8.78629090129419 8.87489276638632 8.78629090129419 6.84940104817227 6.65347139999999 6.12551256475123 8.70613678570705 6.61893142840233 13.5312 8.73812150168115 8.48275431599928 8.68972905295846 7.62585189672076 8.19722204387993 NA NA
"101" 4.28813854148006 4.53941570639954 4.34834853886883 4.48361305630373 4.50588549449701 4.81640901387618 4.50588549449701 3.58771923305764 3.87847713333334 2.97990460753478 4.32400062437179 3.46190599948709 7.9558 4.12482446049449 4.28578221028966 4.03240172601983 4.27653245548605 4.33059989454951 NA NA
"102" 1.18589170427341 1.13876509367521 1.07399442585002 1.40717566944959 1.37981657358457 1.69185222267308 1.37981657358457 1.74132251284892 1.94487246666667 1.13662022918306 1.21958696178127 0.852057287987797 4.3626 1.14742964634867 0.882139874854976 1.16624069267646 0.584196451290545 1.01002730823575 NA NA
"103" 3.4128262119519 3.70111155335419 3.74607492387237 3.58026565808852 3.56355850719376 3.59782460782498 3.56355850719376 4.51150956810023 3.57572696666667 4.18667968287861 3.42434844875737 4.09258525473163 8.7102 3.40526648810547 3.33584695255072 3.40227980059893 3.53136759183302 2.78071557891263 NA NA
"104" 2.48258140775609 2.46100953236983 2.44312944435284 2.71713585051854 2.67672418970185 2.30324694338918 2.67672418970185 2.36365495641187 2.84924706666666 2.47031423253139 2.46566313539359 2.21153274232014 1.8206 2.28756695945827 2.44231268047812 2.55881542576057 2.32530116936953 1.80111107967723 NA NA
"105" 3.85310977488953 4.20146926539731 4.25439541645179 4.22750767148236 4.17810921760096 3.77267036803188 4.17810921760096 6.04789112093373 5.69013813333333 5.88205338769207 3.8412564265603 5.37114859323092 5.5216 3.73566747354969 3.7326235093217 3.87458123984172 3.45732658154296 3.48560743495941 NA NA
"106" 0.854738382729796 0.50136851649119 0.323001201802633 1.07347392669723 1.04100953387457 1.31330108692433 1.04100953387457 -0.0409419164352529 1.70784756666667 0.71424998632259 0.885260946870533 0.988712210125275 9.8616 0.95809572451376 0.539542822644997 1.03593705147814 1.19108149155287 0.699263588940042 NA NA
"107" 6.35564124970882 6.0534131702272 6.57342079740422 6.414744359996 6.36053906908868 6.21658523095463 6.36053906908868 6.42907684714166 5.75291253333334 6.30817592177149 6.34550914473983 6.64747645200859 4.4304 6.30114552323715 6.05996228505509 6.35844672361451 6.99038580098038 6.82955916397957 NA NA
"108" 2.70385017090005 2.79457016490692 2.80536202323654 2.89052105023085 2.79582129514134 2.06472630822556 2.79582129514134 1.72688399517676 2.3670972 2.57986987891702 2.65521139700423 2.24051323944745 -2.4246 2.79449289394894 2.71913907395682 2.69651813311893 1.8873229763505 1.29259347024617 NA NA
"109" 7.63384309181431 7.60733864089325 6.9473067362958 7.11819931180478 7.20317312111679 7.71467730800659 7.20317312111679 5.9828938990016 5.69653106666667 7.1293269239129 7.64071341464653 7.36281538867027 9.3556 7.35021702810168 7.49556058292352 7.46908272130672 8.04781100909496 8.07135920769935 NA NA
"110" 7.50070362950733 7.85935603675066 7.36248649025815 7.39738625556226 7.50861324182341 7.54397850058914 7.50861324182341 6.60933325344999 6.96675639999999 7.44649022064579 7.50486639308832 7.11893246646985 9.205 7.48464195521017 7.20979479267027 7.65827139101308 7.3333105066528 7.44474695949766 NA NA
"111" 2.61784457488662 2.38492017285439 1.95813059069081 2.11620858293058 2.14278386993849 2.70495432607876 2.14278386993849 1.22016191418946 2.39578196666667 2.09997419255774 2.62190507903841 1.83286631505204 6.6518 2.52021201776435 2.3790280554668 2.39690162313167 1.79593829573763 2.11054927786219 NA NA
"112" 6.55698837640372 6.17387338300249 6.19776661989131 6.26295292797567 6.28419631451891 6.47310753686648 6.28419631451891 5.88847163057877 7.48486466666666 7.27753690296224 6.55118594921211 6.99537428789877 2.092 6.47964488903913 6.21038092753881 6.79440802373577 5.74243844789542 6.30212577653433 NA NA
"113" 1.5794336328288 0.958941359896289 1.24499016692057 1.66389156574381 1.57411744835506 1.77872969749465 1.57411744835506 3.50396121795092 5.06840063333334 3.04803164660344 1.58888169174699 3.20910894798682 -2.473 1.89620699702388 1.60382926955771 1.68162414435297 3.76837638625819 2.64999344135747 NA NA
"114" 3.53287328855762 4.20118795333691 4.2951631403782 3.99988666384994 3.96405575915707 3.87499297193232 3.96405575915707 2.80948972705167 4.36714283333333 3.68322029585629 3.55878933604828 3.83175536834574 -0.1672 3.51518176490576 3.4990101565996 3.36417089511747 3.63276218757195 4.16613119739863 NA NA
"115" 2.05491756761331 1.66866153099635 1.94507128278517 1.51155426262959 1.57819062432464 2.12285397277886 1.57819062432464 4.0243205745207 5.08306903333333 5.88915923162599 2.05744184895246 5.30859544375496 4.791 1.83897565060303 2.17173187113512 1.76240124214306 4.13477837843788 2.64150990467714 NA NA
"116" 1.02940868057906 0.851700475595443 0.826359194183185 1.58175625649888 1.43886176593151 1.59528713225171 1.43886176593151 0.207445725294996 0.516151233333333 0.753994277341981 1.07078389085869 0.676594263995013 4.7414 1.12054537277694 0.931892439967292 1.13021516784845 0.164768186239215 0.697693240703771 NA NA
"117" 4.17407850660797 3.99476618208549 4.43258582053613 3.92056191747412 3.90878826039289 4.31297853082717 3.90878826039289 3.68521963798446 3.71338963333333 3.13513803464215 4.18147901134181 3.18713742390757 3.4478 4.15759814754274 3.86308222137992 4.10249457369571 3.66279545519496 3.79020009463522 NA NA
"118" 0.0816459072373862 0.622653614538712 0.495155251622187 0.823751324362883 0.719590997147159 1.12301005610462 0.719590997147159 1.60160777255423 2.50706093333333 2.01645073752315 0.158765874817738 1.60055304027175 4.6212 0.325474768063863 0.129136726686581 0.0985998815267132 -0.207326813318591 0.248280961477541 NA NA
"119" 3.72913864116651 3.53821983650635 3.43624776775402 3.03665515631392 3.1194246706139 3.42046657209554 3.1194246706139 2.96674265600937 4.38621963333332 4.5160218195707 3.7025675405835 4.20907760708022 1.4498 3.58751543646842 3.70739834164483 3.49353168567663 3.31200774258659 3.4129191680626 NA NA
"120" 3.22767025047862 3.22331342550687 3.3278004472328 3.19709387048149 3.18712810826405 2.96601311547971 3.18712810826405 1.86905330039773 2.2935744 1.21575429978099 3.20668038926019 1.79924069023509 3.1036 3.3008015806174 2.96224427407142 3.18822486697952 3.13187572271181 2.77729026727503 NA NA
"121" 12.2875350613841 12.1080531912568 12.2044260502862 11.900033553664 11.9460179362898 12.3457267401341 11.9460179362898 10.4951530664801 9.89577850000001 9.80052766165188 12.2942088519714 9.7058798592508 10.3416 12.2730428417364 11.5846815202614 11.9831227724951 10.2257679195404 11.2069256071027 NA NA
"122" 8.56137784549134 8.56011537387904 8.92289373815526 9.27689621625147 9.13554664724161 8.74164579483771 9.13554664724161 9.1211476816062 9.11388536666668 8.81060776507556 8.57579793663517 8.79440922059596 7.6448 8.79298357199191 8.34931059260305 8.78380521510368 8.33464263411057 8.56929064943803 NA NA
"123" 13.7541674342597 13.3803348647895 13.4386084798269 13.7392411863211 13.6707768102879 13.0003752283614 13.6707768102879 12.69005248529 13.4999345666667 11.9105476318054 13.7011883709215 12.2597920231592 15.9158 13.7726836517686 13.4698600778441 13.6933073909563 13.795471112606 14.2756212745769 NA NA
"124" 9.77387658316272 9.76756538477689 9.80063471135617 9.48850889399345 9.52755629579556 9.33752610108276 9.52755629579556 7.47871230103275 8.5783739 9.03562008002609 9.74632229781058 8.61027263130132 7.5448 9.65643443590407 9.11854140754182 9.70573379835169 9.26293268158651 9.81535398369971 NA NA
"125" 7.16226332725854 7.62251421828494 7.31252268344498 6.55782625444932 6.67876768320897 7.00790210275044 6.67876768320897 9.40686988054928 7.33443126666667 8.85894555937894 7.15480632224035 8.92217285172305 1.9784 7.11223880178204 6.74103016050454 6.65260266833137 8.81860236734233 9.54055031689676 NA NA
"126" 11.9864951104189 12.2566732704841 11.4886655185168 11.860235168385 11.9475177851397 11.7610370138188 11.9475177851397 9.70360475854946 9.70628843333334 8.43028589145426 11.9744526970324 9.26969201348986 3.0956 12.0481463647477 11.3134186358267 12.0255093632847 11.5512792678586 12.0604145273322 NA NA
"127" 11.3584053265176 11.6339704736526 11.1086022758346 11.7314912741554 11.6545055592754 11.8498409417347 11.6545055592754 11.9466010392319 10.7212996333333 11.0439102095922 11.3964740492842 10.9216002793389 12.5854 11.4468297655019 11.0272916674438 11.0993470100988 11.7817905871182 11.931919759859 NA NA
"128" 10.2862355768774 10.4179433404402 10.5757783094179 10.4581949674225 10.4471937199946 10.2709031101978 10.4471937199946 9.95392827184084 9.71843766666667 9.12557342063655 10.2878141661019 9.27751603855863 8.0078 10.4766251315485 9.89144056376968 10.317307132533 10.3897112405477 9.59282425020488 NA NA
"129" 14.6433237570921 14.1943360282102 14.500500312192 14.2906764638741 14.3196902126399 14.036028815595 14.3196902126399 14.4418796073579 13.7337154 13.4497905898046 14.5981069243909 13.6978750258634 9.5324 14.6365465310114 14.5869180378345 14.4748565834692 14.3839340587513 14.6239308619626 NA NA
"130" 9.62386525135503 10.2739325025958 10.7293166274238 10.4646326837017 10.3629816910451 9.88422211025293 10.3629816910451 9.26475467359046 9.5756217 10.0235541142849 9.64403487752946 10.0195405181254 13.893 9.73057882999573 9.24693306553453 9.78690075505269 10.0080436981452 10.1552007934549 NA NA
"131" 10.7807046748814 10.5481498270509 10.8055182118854 10.734786032778 10.7619609633907 10.0692570727219 10.7619609633907 10.0847302911857 10.1983169 9.27135049656639 10.7326195374298 9.11549245772399 3.281 10.5173126676118 10.2150986405781 10.879513059739 9.91694971328879 9.70268330229761 NA NA
"132" 9.06246718701567 9.46988975030209 10.1466533142138 9.79336829128025 9.66346714376091 9.35303258839043 9.66346714376091 7.74773123442739 7.45469776666667 7.73932863111587 9.08330100810231 7.5768425031831 6.7022 9.23518264716193 9.21813223296923 8.91780148012216 8.55804636335327 7.98911351892454 NA NA
"133" 13.6848267394586 13.8665837084523 13.6742428101883 13.7788757452075 13.753849607998 13.3734791430651 13.753849607998 14.0420681072122 14.1577672666667 13.3302475601753 13.6640679145751 13.213740743797 9.2914 13.6588228231694 13.5232635610617 13.9045184081763 13.1739030978645 12.8441936625916 NA NA
"134" 11.4614096630361 11.1435075452398 11.1848503556528 11.5076158461432 11.4686221119943 11.211625500395 11.4686221119943 11.8799098395744 11.8343458666667 11.8133858015509 11.4448547666876 12.0518620576452 6.6024 11.444165184934 11.0655471307417 11.4532912726108 11.8240277368162 12.1962324098738 NA NA
"135" 8.58315521233083 9.09424348994455 8.75937634930804 9.16571119967367 9.19684404718242 9.36417770090464 9.19684404718242 7.39920626164624 8.96764339999998 8.69809283755794 8.6471439021794 8.8313565770107 11.1064 8.66866608390161 8.40713970921694 8.7557697281657 8.6752016365903 8.43477954052349 NA NA
"136" 11.8268301734327 11.9912509558142 11.9622439362345 11.8211120371188 11.8463114711122 11.3896278881058 11.8463114711122 12.225387086602 12.5771024666667 12.1952114604171 11.7965043541431 11.7821421830916 11.0072 12.0633044085436 11.4974911555111 12.1893274575402 10.7967563693861 11.6069071929154 NA NA
"137" 10.1785304874178 9.65893000563285 9.7824630246787 9.29964882454112 9.42825359144411 9.23710811307141 9.42825359144411 8.91545457665882 9.70237116666665 9.80478654184051 10.1111533341639 9.31922371251856 4.0432 10.0874611336398 9.54307376973533 10.1297848969767 9.43797475265011 9.17054134549704 NA NA
"138" 13.7066375764499 13.2917442152931 13.0507837745152 13.3124287811711 13.3589494231405 13.2150428360841 13.3589494231405 12.5342881054753 12.8525495333333 11.6177837380507 13.6741123323353 11.4356326525872 8.4472 13.716565404939 13.1304309700774 14.1094077924264 12.3817946677008 13.2666897427509 NA NA
"139" 9.52336875011678 9.96073226262139 9.99345210435239 10.2108053863424 10.1859474996111 9.90362420716994 10.1859474996111 10.157907718897 10.6069415333333 10.6707596971107 9.55421537696473 10.4852095116938 6.9294 9.47138290262877 8.90743877571096 9.65657804402481 9.45624106080806 8.88021253675026 NA NA
"140" 6.20261276610835 5.88639030232893 6.34263076514539 6.49241011164447 6.42276287050489 5.91575911534358 6.42276287050489 7.82546658638235 9.13298953333334 8.05522836831017 6.17916893605125 7.72392688565186 4.453 6.31583383391615 6.00431040921022 6.14690779032402 8.17478798615519 7.49200806108288 NA NA
"141" 11.1502946019285 11.3820678151111 11.4558507933526 11.406808963159 11.3648216783592 10.7995554772112 11.3648216783592 11.0176518962047 11.053949 12.104078307986 11.1251285384867 11.6089658112042 2.7462 11.3131098351698 10.5762298288749 11.3426072298951 10.6529379303644 10.5375173675272 NA NA
"142" 11.2202085951308 11.3600691898302 11.5661609693513 11.625129209682 11.5649467152353 11.2449197386756 11.5649467152353 11.2057448637651 12.3313146 12.6922577693739 11.2269755541708 12.1804330509058 9.8692 11.1832260447866 11.017295457347 11.1336564002903 11.3297280166611 11.3084172169193 NA NA
"143" 11.7007487095988 11.7722179674569 11.8180494021428 12.0110833759144 11.9841778148841 12.1187221646453 11.9841778148841 9.25851473262858 9.31992933333334 10.1181671242959 11.7327372249378 11.0195161071113 7.682 11.5713316249727 10.8986269530959 12.1497629496393 10.6929702823746 11.6879604089539 NA NA
"144" 11.8193886410765 11.8543691586521 11.8566521911693 11.6698010705002 11.6857238344134 11.7931581283431 11.6857238344134 10.6949484447633 9.34857093333332 8.55915409591344 11.8166936714205 9.49469829703115 14.3528 11.7107578701319 11.1556275421212 11.7430032342041 11.3036604175763 10.7257530015261 NA NA
"145" 8.58666908454478 8.32918397175034 8.99355022945566 8.97447715425296 8.88327654587984 8.09249829329691 8.88327654587984 9.80987224402618 10.0559768666667 9.68026984176724 8.55077668285647 9.55703797771028 10.4862 8.75761583752922 8.48189866029173 8.95525971910359 10.3140714556481 9.73311443937942 NA NA
"146" 13.2965644771341 13.4064012165691 13.7929046056198 13.9688575183285 13.8833503236807 13.5468121652727 13.8833503236807 12.1384799505292 11.2212428 12.4354830907576 13.3170208102258 12.6839800616429 10.0926 13.4522268049761 13.2291828150499 13.3076385458775 13.2545889621548 12.8501790054222 NA NA
"147" 12.6905459853538 12.8766900568556 13.4189643214119 13.1927808878862 13.1413922322195 12.5937019259707 13.1413922322195 12.9876531151125 13.3401349666667 13.4587165168359 12.6848739724165 13.4400549893212 13.2916 12.848501904131 12.2458435536995 12.7751767441346 13.2196458852467 13.4955336734663 NA NA
"148" 9.78576416311652 9.45455305954879 9.36193004884131 9.78526026721849 9.78199633560262 9.86295918182879 9.78199633560262 9.73069259207066 10.2059347333334 9.68272651572114 9.78987348962917 9.62710021375766 8.4798 9.61338689984275 9.08742966677949 9.78481107358269 9.44186281565603 10.3669382897402 NA NA
"149" 14.3197581025118 13.9207812735636 13.8520824071724 13.8230744228251 13.8644678283469 13.2057446020675 13.8644678283469 12.9392211156795 13.3052692666667 12.5200040287452 14.238368825781 12.3309010276868 9.517 14.4046495607406 14.1428775122831 14.0380560008238 12.8464377684704 13.1158974567001 NA NA
"150" 9.01257859461603 9.02430101936439 8.83595165493241 9.03669687173646 9.03166041959196 9.00429783413482 9.03166041959196 8.38502593679163 8.81258026666668 7.86147860862063 9.01711907026093 8.02821418141804 3.7978 9.02612390320207 8.86109032923711 9.28061771972248 8.29137693455273 8.20997977654365 NA NA
"151" 7.81789080627061 8.05784601995376 8.50936194242703 7.59536016125216 7.66402749325926 7.2964063960389 7.66402749325926 12.963625806524 10.3405668333334 11.8573598521197 7.7810876835987 11.6838368579887 6.7698 7.98028697405115 7.6097207010167 7.97323984014653 10.2126966458082 11.5650854466175 NA NA
"152" 13.1369950970681 13.5914098243454 13.6864035930402 13.294444003794 13.315818507313 12.6829912122478 13.315818507313 11.6150065423475 12.1862892333333 11.1463831032504 13.1086089378241 11.2374035592827 5.895 13.2495451497366 13.1316946892174 13.2797063552845 11.5799568197254 12.5945633911093 NA NA
"153" 13.4755642145872 13.3495116261697 13.6258825143863 13.6353316289617 13.5813338533718 13.024068411879 13.5813338533718 12.9117768756117 11.7878069666666 13.428799961551 13.4409905292648 12.9989859402012 14.9838 13.598892621254 13.4542277553022 13.5263575520251 13.3061913220615 13.5134139589969 NA NA
"154" 15.0439632912013 14.855694318943 14.5692791778777 14.4348639371283 14.5922258174766 14.543724455512 14.5922258174766 13.697423574322 13.5230977 14.3124271654004 15.0141556582522 13.9865480256583 8.7786 15.2000292416588 15.0216018604323 14.886843928839 14.4733862584705 14.9706760855501 NA NA
"155" 11.5407100498569 11.9731142938558 11.906464040492 11.5790565232583 11.5959076738137 11.7710524234397 11.5959076738137 8.31143541326058 8.44796966666667 8.53574569433806 11.55687105917 9.24347236230875 15.1238 11.6259837140634 10.8707434609118 11.4036207779242 10.7905121506597 10.5577561292188 NA NA
"156" 10.373008382127 10.3606136505723 10.1553241105064 10.2323054351528 10.2399814773299 9.86766832893638 10.2399814773299 11.2758350395619 10.1720165333333 11.3741672240308 10.3389653313068 11.051058714142 5.6106 10.3970013161471 9.79079251435954 10.3883777707778 11.3011022654748 11.4065796986377 NA NA
"157" 9.69259738956234 10.0300763867934 9.82249038792421 9.51452151533976 9.58846385788064 9.55402599862168 9.58846385788064 6.78106755176999 8.76646476666668 7.80479505905604 9.68649421844751 7.71439809161111 5.7032 9.76490550918232 9.36874120700583 9.60474561551163 7.91280227409993 7.65837333565892 NA NA
"158" 11.2715123252492 10.8399110835945 11.0360959754752 11.2642495241927 11.2238061850289 10.4908189300789 11.2238061850289 9.82763338468401 8.82961119999999 9.75794274159429 11.2131905817141 9.83752763568622 2.793 11.3351861851639 10.822804387675 11.2384840388146 10.4706387020531 10.3212793080844 NA NA
"159" 11.1658188861125 10.8276961014673 10.906193172213 10.8593771954356 10.9351876911916 11.2905226742767 10.9351876911916 11.2212607142617 10.7015225666667 10.8598444027283 11.1758534925099 11.026847372451 11.4338 10.8468058204779 10.3517400094466 11.065938773612 10.3469160841088 10.6555745505764 NA NA
"160" 8.88455709304984 8.84555163857117 9.34358012896552 9.19030756307608 9.14195201300996 8.70264766103242 9.14195201300996 11.7742691180763 10.3660504333333 11.4981768311854 8.87373727864328 10.9439432886761 10.0994 8.86451392921598 8.54658276706453 8.92849431939442 9.81933610895477 9.33173346032864 NA NA
"161" 13.355812029341 13.3197152351249 13.9600607837923 13.7524812117299 13.7218522364406 13.6452710919082 13.7218522364406 13.075925061908 12.4451521666667 13.7666885556564 13.3812426707147 13.5156264257149 9.5154 13.3557887967329 13.2454314276863 13.568185490519 12.9183149156146 13.154076601142 NA NA
"162" 12.9340274553096 12.7054523688622 13.005733326591 12.6812194931923 12.6671716281803 12.2993517579711 12.6671716281803 12.169458128995 10.3829476666667 12.3552018751628 12.888385680317 12.3470298820633 13.7622 12.8328887489106 12.5026482285588 13.1110790487575 12.7919103449912 11.8548648042141 NA NA
"163" 12.0877083226966 12.5006470434267 12.5923874989451 12.1599442388805 12.1916683589793 11.7178856233072 12.1916683589793 11.8087152401305 10.7139081666667 9.3126001995643 12.0600718130526 10.0800463512799 7.5446 12.0459326307441 11.5847901848893 12.0025029478585 11.6984959533287 12.1867332710614 NA NA
"164" 10.9321764345341 10.7621097083058 11.0392960610821 11.0435250896798 10.9622690194506 10.3721437015133 10.9622690194506 9.57499861156472 9.51074499999998 8.69897251623932 10.8925105988237 8.82355794613804 5.5664 10.8122779768597 10.4716089250726 11.0697080340127 9.19963294722496 9.97985163346335 NA NA
"165" 9.45977676049156 9.27948288365663 9.66734064163357 9.29703001297541 9.32553412892892 9.10202441030671 9.32553412892892 9.69509540649154 8.03279930000001 9.44358888566872 9.43092040467978 9.45220296159269 8.132 9.34067868864067 9.38405978008051 9.3404501258378 9.54093570038135 9.00648260436799 NA NA
"166" 9.88653038612906 9.83565667316932 9.55642605897901 9.42296671715342 9.49133883507373 9.53503850996187 9.49133883507373 7.51492392544202 8.29466443333332 7.79775504385506 9.86137503308093 8.09136852469886 5.1916 10.0476125653358 9.40642626981567 9.73447640367981 9.16361397140633 9.14430432297054 NA NA
"167" 7.03348484555204 6.80102142835557 6.89270497168263 7.13269561562457 7.09127792492131 7.33458774550797 7.09127792492131 6.80269970256978 7.7765307 7.94922504870564 7.05744927872668 8.13014450881182 13.3472 6.99494902922846 6.80755583574986 7.16840134509969 7.75297498448637 8.34567193155651 NA NA
"168" 13.1473400028501 13.578283203472 13.715292223138 13.0648625234001 13.1029581557219 13.2162480912689 13.1029581557219 13.1049168798157 12.4978946666667 13.3491824013277 13.1560107240248 13.0107855124145 11.5724 13.0827969089515 12.5905883315056 13.259424421029 12.4768000290992 12.8089159931969 NA NA
"169" 12.5609610779596 12.0537623892014 12.4026614831291 12.5957611257728 12.5407947421829 12.1338828304539 12.5407947421829 11.4842679329518 10.9371317666667 11.2112402076347 12.5298790176266 11.0997173523014 9.6768 12.5653315887347 12.1067003606753 12.5632482182377 12.0310249964861 13.2862489908788 NA NA
"170" 14.1992460403495 13.8933993859921 13.8494016465544 13.9650977567746 14.0089478860348 13.7210329945268 14.0089478860348 13.3804398324643 13.1848693 13.4764301152702 14.1639674307236 13.4460883251768 16.0252 14.071246658186 14.1932460440056 14.1072638210059 13.9248652251217 14.284039443459 NA NA
"171" 15.4727650973138 15.4173377593094 15.867870762863 15.8435974713597 15.7595832618558 15.1520387964692 15.7595832618558 14.2319149512527 13.0740376 13.1409995151595 15.4497444686288 13.3543008937552 11.0728 15.5214632387746 15.1868554270229 15.3523453815725 14.4330361740163 15.6044265412456 NA NA
"172" 12.36322068591 12.713943457244 12.4816257085061 12.8909101669605 12.8815215734668 12.8100093852357 12.8815215734668 13.1187188693358 13.1366102666667 11.9558110684843 12.3999418480907 12.3473074623011 7.3908 12.4504704118247 11.6377721076227 12.4219205385682 12.4481721423667 12.4950783532359 NA NA
"173" 11.2370341465542 11.1482387102973 10.7807534889009 10.2862922133061 10.4571960625414 10.2120602202829 10.4571960625414 14.1417887635461 9.72450283333332 13.9860950167407 11.1635691316755 13.5383455859885 12.9358 11.1287311739741 10.5242863935569 10.714720904342 12.6714328750378 12.8674265274885 NA NA
"174" 9.56487140833361 9.2588704674981 9.50475025049625 9.58767304116463 9.50042381831668 8.77794933054609 9.50042381831668 9.46411494718185 9.31036909999999 9.1390802480775 9.50397880668089 8.9138383129496 6.638 9.63566214869159 9.27007308719043 9.48940918470724 8.42523090217928 9.18874286897336 NA NA
"175" 10.2046791628457 9.97178258896284 9.6587790113349 9.37851710704115 9.52292652940474 9.28784431420551 9.52292652940474 9.21829096214733 9.23475576666666 9.84857157480128 10.1357901041411 9.42850667477122 7.3716 10.1292767037007 9.67055572382949 9.56879495585266 9.98811878899038 10.5387564445407 NA NA
"176" 8.65613071149256 8.78467557450534 8.93493135825017 9.15705650286731 9.1216869703336 8.93250843186796 9.1216869703336 7.75132468213424 8.3191961 7.64396761619398 8.67671389143366 7.8271944995808 6.8254 8.72752708387719 8.29251022110597 8.80206022830671 7.43193758790409 8.07950522267011 NA NA
"177" 9.54578912771583 9.3560951832911 9.35800527994288 9.48644806849119 9.45126379765487 9.40046772419967 9.45126379765487 10.5557942261135 10.4627509333333 10.9880554274005 9.53476970506552 10.7195843878491 6.57 9.53617239612591 9.27184219041929 9.37012054371451 9.48065076861677 9.28634192050247 NA NA
"178" 9.18754017579342 9.38678154859358 9.31733233203989 9.59883303961628 9.53574134943301 9.38462416777108 9.53574134943301 9.62589188561697 9.79560420000001 9.88642185785485 9.20310262479873 9.62022904419698 8.8224 9.15841732105363 8.76340180152307 9.12441639986992 9.14917642157449 9.673449906198 NA NA
"179" 8.89546598590412 9.04346688369842 8.39268452050453 8.42882146412882 8.5242043713233 9.57439736503307 8.5242043713233 9.19444021028343 8.52084783333334 9.15448727161346 8.95050965327413 9.18173302945231 5.7658 8.81862937135062 8.50106475278005 8.72099422377187 8.35596106184196 8.08229917129712 NA NA
"180" 10.3701852040579 10.6926475671327 10.9439605515254 10.5376997076159 10.5012867030905 10.1039152131242 10.5012867030905 10.1820291928466 9.29422953333333 9.60333110869748 10.3497553894217 9.62628356150211 7.4882 10.2274225379584 9.69788724336307 10.1893209056395 10.0878970564713 9.76890142957556 NA NA
"181" 19.6052013851273 19.8298258902253 19.9153398412248 19.5428689785058 19.5892469365843 19.0718002791995 19.5892469365843 19.8627034405382 19.6961928666666 20.2697883884435 19.5680637151465 20.2718712984576 17.9778 19.6723164250284 19.8993784430227 19.4090463486715 19.9575155776214 19.0995045919182 NA NA
"182" 37.422029296329 37.3842755359029 37.4689775999353 36.6446682216362 36.7519957263057 35.9242939038481 36.7519957263057 38.0905907616089 32.2313803333333 37.6255747850901 37.324195918088 37.2824301003299 19.7142 37.2559982953754 39.1768707433336 37.2598052634546 37.5828005619962 36.1103859143215 NA NA
"183" 14.046608820864 14.1130064838822 14.9404922108759 14.33587289028 14.2605141318751 13.0977187994109 14.2605141318751 19.1264439135666 18.6287107333333 19.4764668590438 13.9803936296738 18.8274490039938 7.4118 14.0624161821764 14.2336188853024 14.1100594989304 17.4630733431933 16.6869314453294 NA NA
"184" 19.4097566906921 19.56596379053 19.6592496564256 19.3662809844538 19.3468957229788 18.6152553388212 19.3468957229788 18.6901645916977 20.5106034333333 19.1922765242404 19.3539469796176 18.8418778028886 11.6248 19.3053127703625 19.496124911692 19.2901554974558 19.496548215693 18.6660605197369 NA NA
"185" 15.9761018622708 16.0457084489028 15.8025762048314 15.9964717359582 16.0479573574005 15.7539722469073 16.0479573574005 15.70537114704 16.0932608666667 15.6279183051418 15.9644055229128 15.8324723691926 15.0516 15.905684725857 15.9614434019447 15.7423297087148 16.8814604396679 15.6708130093675 NA NA
"186" 15.0281973148012 15.3759487866659 15.7206640143879 15.7938324466048 15.7270848806476 15.2502487280152 15.7270848806476 15.8023623509876 16.6827023666666 16.3191337094259 15.0454274208692 15.9913339924675 13.9234 15.0467542061043 15.1118109502216 15.1509353786229 15.8528884965198 14.9333297949367 NA NA
"187" 23.7866933810528 23.7416584460779 24.0064257465681 23.4299667307916 23.4782988438223 22.8697079331549 23.4782988438223 23.4529807405233 21.7189589 23.5498078653696 23.7225275617567 23.2365465462556 17.3796 23.8144305805025 24.8700629381359 23.678696130287 23.4283170805328 24.2531702306177 NA NA
"188" 18.9458162798378 18.5972615198609 18.5597112019429 18.1485768219996 18.2930001015685 18.0873603699336 18.2930001015685 18.4737743689168 17.7511209666667 19.7030201819186 18.8894594132953 19.3487251676495 14.4242 18.8250978941217 19.2590544601517 19.0020338110034 18.9018936791257 18.4396248016517 NA NA
"189" 17.7336709838316 18.0060933531726 18.0098565150024 18.0546193559947 18.0440158618082 17.5245675234825 18.0440158618082 17.5853855338323 16.9167321 17.2374244275842 17.7245718114965 17.3603426439789 14.617 17.7992325358312 18.0983189949897 17.7930033707961 16.966188311785 17.7876003733184 NA NA
"190" 14.8105079744044 14.6460055795821 14.5684656088722 14.4461335348909 14.4951868590243 14.5886342577344 14.4951868590243 15.4023285447943 15.2288478666667 14.9283920616398 14.7967206147923 14.6669997844571 10.032 15.0391733415482 14.5797940866093 14.6396347987203 13.8085959034491 14.1925285474197 NA NA
"191" 14.4812697753301 14.5088658077227 14.162496533589 14.2801940914217 14.3363925477369 14.4750181859259 14.3363925477369 15.6168036086291 16.1691638 15.8508947086132 14.4847850695477 15.6983654099918 14.1256 14.4297760030097 14.3332666348235 14.4196892361245 14.9520731004753 14.2672863862327 NA NA
"192" 19.0219685669934 18.9378673222688 18.6432701387014 18.4666537493663 18.5480027103367 18.4030560088381 18.5480027103367 18.765835549826 17.7483384999999 17.2050546114043 18.9808110939094 17.4099537334943 11.7514 19.1028324292895 19.1128578355079 18.8724559485197 19.1356008903388 18.7516101382896 NA NA
"193" 17.0292360747346 17.3564099476244 17.3989122250667 17.1186827687576 17.1249957331026 16.7917315731034 17.1249957331026 16.9986703486485 15.3901676333334 15.8389785234828 17.018945357296 16.0255754483025 10.205 17.1095587168895 17.4511092617279 17.0520150197203 17.2331961884428 17.147162408359 NA NA
"194" 18.9283277730931 18.8360677161053 18.309895444737 18.8165647605825 18.8370010608959 18.1736667410225 18.8370010608959 19.1092520747884 17.0161920333333 18.3016527060277 18.8780213180742 18.0900879049861 7.9402 19.03597743378 19.2894730486806 18.991410766861 18.0341423844516 18.5951236305007 NA NA
"195" 19.1344507650455 19.1379041812099 18.9422951763609 18.8028613839328 18.9352744141349 19.0097364915167 18.9352744141349 19.2603032147094 18.9203384666666 19.385252887703 19.1328917167557 19.2790376437876 15.54 19.185573714009 19.116320225961 18.7166571126716 18.4428660989843 17.5412631250215 NA NA
"196" 15.5027233601788 15.4962673028961 14.957619665355 14.8252888142063 14.893618825846 15.265744573312 14.893618825846 16.6028737556825 15.4184128 17.2308498025466 15.4842209484051 16.8029888660308 12.4146 15.4654950789378 15.6341692079812 15.1790989259063 16.6062473780793 16.7173850469116 NA NA
"197" 21.6366505222424 21.3043606926246 21.5095223040719 21.1210646162681 21.1864425707409 21.1672724456273 21.1864425707409 20.6929066316429 20.4350805666666 21.2281837567818 21.607133085306 21.1881605166082 17.2292 21.5586469044458 22.1405779093435 21.709078311147 22.0925307094908 20.9951593767556 NA NA
"198" 17.2999118355162 17.9766066916376 18.3567722461703 17.9251083313993 17.8720918610723 17.3074632802457 17.8720918610723 18.7548520921405 17.6809006666666 17.5449692492098 17.3050585651329 17.5461127440156 14.3296 17.3567799267578 17.5553700859406 17.2442220450391 17.1747434175804 17.207778464363 NA NA
"199" 18.4740916662988 18.0633511723139 17.7090233181618 18.0877804183821 18.0971613411709 17.7922858053963 18.0971613411709 20.7150367874758 20.2776053 19.9422777356743 18.4292482307672 19.7929014255793 10.3203333333333 18.5736353544833 18.5476108386387 18.4657280639181 19.0125847212809 18.1253627892166 NA NA
"200" 16.7060446758182 16.4086276166709 16.0755361410952 16.1800085827424 16.2139813703129 15.5093084759754 16.2139813703129 14.5138267101904 15.8562102 16.2724347912731 16.620992239153 16.1184861981547 10.7926 16.7622400160473 16.7022574736811 16.7699249628114 15.4599520587648 15.6565333619018 NA NA
"201" 16.2916730149359 15.9324977370886 16.2962540945654 16.6092822312826 16.5438142054826 16.4989449152277 16.5438142054826 16.4319983816482 14.9473822666667 15.6284453334537 16.3124107984958 15.7482059704175 9.0786 16.2891993927974 16.1088426180271 16.292680253313 15.8704987632783 15.171762215608 NA NA
"202" 15.4736158583363 15.313415727747 15.4066602363368 15.6991874629761 15.6096754433442 15.1785223079255 15.6096754433442 16.5382767556544 17.0761829333333 16.8985265895032 15.4574207182689 16.6186120888751 11.8468 15.4993701953336 15.538090805772 15.7471344781435 14.6850344076489 15.1719817588351 NA NA
"203" 18.5667178002169 18.7821364643058 18.5665330235072 18.2184061692568 18.3500931994099 18.1079399614021 18.3500931994099 17.9771714889234 17.8408617 18.5055654517875 18.5383534234922 17.933235373325 11.1556 18.6180543256973 18.8406028160731 18.2682474953495 17.416332292915 16.9377209885887 NA NA
"204" 21.2325496674202 21.5798104993699 20.9944569117552 20.9937401853179 21.1015860538575 20.3792531128011 21.1015860538575 24.081041759264 20.9354857 23.1311883018741 21.1806000561649 22.6827030780598 11.5224 21.1373787673404 21.6725991657501 21.0022762341286 23.6057122262069 23.0057388149831 NA NA
"205" 16.2966928393521 16.2133137287783 16.3396522807755 16.2439955807014 16.2841927317661 15.6091482606962 16.2841927317661 15.5211027067272 16.366079 16.3615432834853 16.2505100876415 16.5696008732443 11.0932 16.3531935694001 16.3248706576333 16.3962278366176 16.3363223575953 16.6855590822183 NA NA
"206" 26.9226420835537 26.5778355135656 26.8209913764433 26.5540804568933 26.5906761717403 26.1682443528136 26.5906761717403 27.3698506336243 25.2863922333334 27.4641273638647 26.8751446982634 27.2501923036918 19.462 26.8015893062063 27.8611152040376 26.9631974931456 27.2703536557395 27.1526476483463 NA NA
"207" 17.2473367169567 17.0789009838918 17.5486857269485 16.9403258330026 16.9469049421049 16.8268187510742 16.9469049421049 17.6414123292389 18.3081925333333 20.1584563102422 17.2197223222142 19.7184129301803 15.3704 17.1239208687784 17.4061565774819 17.2752291438231 19.4118522012217 19.2233828588725 NA NA
"208" 17.5228775516314 17.9306554070259 17.5590889343122 17.7776415441751 17.7776501082094 17.2830249540454 17.7776501082094 17.2593391152905 17.1347863333333 16.2277411802199 17.5133396321705 16.6123159037972 10.2976 17.6931028068273 17.6927391763049 17.6436396857827 16.9750664097581 17.2787273426451 NA NA
"209" 15.5422006975538 15.9006867954657 16.146241610501 15.819188282 15.7601918605498 15.4244180672084 15.7601918605498 16.7888363888029 17.8238318666667 17.7465546111348 15.5355600283345 16.9788760249534 16.0776 15.5342746338892 15.8690267494347 15.749048987342 15.1518653851962 15.4130930353743 NA NA
"210" 21.9478709478941 21.7060278331758 21.5388077092775 21.8489594632526 21.8861458861453 21.1554064330017 21.8861458861453 20.6712547400893 21.2903309333333 23.1538434914732 21.8958305148051 22.8659352158688 12.1404 22.0686173039161 22.394067574535 22.012216043194 23.0192906803817 23.8947630178236 NA NA
"211" 17.1725024753309 16.7247220749221 16.5036998008934 16.4339471578436 16.5579914551716 16.5136977615468 16.5579914551716 16.2443263180668 16.3633919333334 17.5264569363099 17.1271226946691 16.6364506322391 16.6164 17.2494530913251 17.2960366089067 17.0865916191628 16.2722118743365 15.6462908543124 NA NA
"212" 18.3222478657912 18.2253634117064 18.6165769199705 18.3980869792387 18.3918774957857 18.0501436010662 18.3918774957857 15.4946909822739 15.0821993333333 16.3122073245399 18.3032106689438 15.9188161382969 17.9058 18.1399830500185 18.3464910399212 18.6237362017413 14.8848178725308 15.8556903987096 NA NA
"213" 19.1046049278592 18.7996271604601 18.8791747184034 18.9321392831602 18.9559930280384 18.6150955556645 18.9559930280384 21.7127957156031 19.3500652 20.481540725291 19.0712108149558 20.5807554597999 18.0732 19.0559749856299 19.3713712677171 19.2256613344788 21.4905103968071 21.967053967104 NA NA
"214" 20.2277536196034 19.6871494410159 20.0504810699128 19.9272586534154 19.9034821157873 18.9552388239493 19.9034821157873 19.0868902355032 18.8633086666667 19.4397641824517 20.1373572675628 19.0173175544436 14.0788 20.2892802325464 20.2511071627005 20.5493707895567 19.6766501631261 19.5095291393567 NA NA
"215" 17.7005070286636 17.786705566492 17.9618109876434 18.0301146303583 17.9445108641025 17.258293710349 17.9445108641025 19.5991102631734 17.5582688333334 17.0542913440506 17.6728726573407 17.0487355538362 12.7952 17.9644998487163 18.1346209495673 17.9090617293868 17.512788492389 17.0168862845373 NA NA
"216" 25.6313376742498 25.1555566303025 24.0578338120805 24.3778579766072 24.558459666808 25.0186684881454 24.558459666808 34.6617938049834 29.8651279666666 35.8043966345844 25.5901426157089 35.2932932470434 19.303 25.7063328528026 26.506834293288 25.4403084809347 34.6130801968904 34.1742606310655 NA NA
"217" 16.1959468261856 16.261235222515 16.7375332977892 17.0194806123889 16.9101199311683 16.1650227047374 16.9101199311683 15.364641400854 16.3779449333333 16.1380341551642 16.1991300539403 16.0678302079362 13.3338 16.2851326845167 16.3444830330136 16.5492253095379 16.026194205026 16.542474368111 NA NA
"218" 18.2194776977378 18.6301836287485 18.6217438917023 18.5460048843007 18.5311193795193 18.0169754572218 18.5311193795193 18.9728294980796 15.7325495 18.3125692642619 18.2037907640797 18.1674560287906 14.0104 18.3763775912805 18.2507640137332 18.017122969594 19.6466986708717 19.8721164487899 NA NA
"219" 23.9442561887434 23.9800275987329 23.4574221469669 23.5716853535063 23.6545164976748 23.2379837454134 23.6545164976748 23.8143629913457 21.5757927333333 23.3692720465628 23.9002893571176 22.785607704631 18.991 24.0152873203969 24.7438112296355 23.6438051877699 22.4891914264983 23.074477470401 NA NA
"220" 17.5655652397959 17.8068290572605 18.1086754744688 17.9761972622629 17.8878458183932 17.1897628341443 17.8878458183932 16.7829648630964 19.2058042666667 17.3902243067866 17.5423527710082 17.5345117931892 15.7776 17.5347710619596 17.3910341962527 17.682035056577 17.6745113406036 18.0016344045326 NA NA
"221" 15.2535211386252 15.2438653256675 15.7479443850555 15.5252250208473 15.4375633794753 14.3861624670429 15.4375633794753 16.0969473706427 17.0005638666666 18.1958944776933 15.1935633790136 17.5230601414047 9.2154 15.0862775819796 15.3335715697594 15.1574259077282 18.2787153218403 18.5909352315468 NA NA
"222" 18.828557674753 19.2073696961613 19.0783344186787 18.8029321902392 18.8763119850054 18.3500795751707 18.8763119850054 19.5014255399454 18.9154714333333 18.7240228616312 18.7987757729069 18.274391198771 8.5146 18.7026203447637 19.2738481519558 19.1890876846076 18.1462812297338 17.9816676154394 NA NA
"223" 20.3898894848059 20.7826707601389 20.7930730215013 20.397249437506 20.4782299847338 19.6177246911005 20.4782299847338 19.5266277759756 19.4154208 20.21189489316 20.3382865174061 19.9266628677769 14.4228 20.4035797251285 20.9845733438154 20.1977152424572 20.3676593204439 20.3442055233474 NA NA
"224" 15.3432742448784 15.048766675928 15.2065331234661 15.4400490827637 15.4289813736927 14.9395092097842 15.4289813736927 16.1996843759288 16.2758216333334 16.7569584869422 15.3183072252676 16.2378583051902 12.522 15.4757424370756 15.4093571363717 15.4993104599071 14.9723037919774 15.4001505510617 NA NA
"225" 14.5533597263154 14.4965375372594 13.888410282216 13.7692336970593 13.8361637191281 13.861327603548 13.8361637191281 13.5613947332966 14.2904844333333 14.413754053452 14.5019794773881 14.1012496537577 5.3878 14.4832624642087 14.4603117704294 14.0443756260245 13.9299926196348 13.0813392006293 NA NA
"226" 31.8211825998423 31.8244275195045 31.5232061837113 31.1648855070564 31.2826576159204 30.7463328460781 31.2826576159204 34.4203298256789 31.7664929 34.6934089338714 31.7525849869619 34.5234505770752 19.248 31.6369206635879 33.019177253108 31.6371088185836 33.9115028850538 34.5770353618757 NA NA
"227" 27.7423367124255 27.7194615778141 28.1715372287496 27.2028411469212 27.3270626957792 26.8328282192617 27.3270626957792 27.2786483185928 26.7727309666666 27.332263271852 27.684264760358 27.0253959686155 17.447 27.5388616564911 28.692260966336 27.7421454069009 25.4191192836694 24.8980677120188 NA NA
"228" 13.2515870126372 12.6225260902232 12.025296206099 11.5961206197721 11.8236979468778 12.794450805412 11.8236979468778 15.2939750714432 13.7202974666667 15.771675714129 13.2140618063524 15.7512086983681 17.1938 12.9735965481134 13.2128739519044 13.0692442870322 15.7494393643894 16.4179587341169 NA NA
"229" 15.9423402824449 15.448878359761 15.172700850819 15.1805149179157 15.2841368916806 15.3175926018199 15.2841368916806 13.9960301379199 15.7146161 15.0637831293326 15.8984886402781 15.3248302151457 9.714 15.9494605379085 16.0884491958487 15.728322963614 15.6189777622531 16.6397543453297 NA NA
"230" 26.9815377497497 26.8521147738214 26.5240930384141 26.0685325539352 26.2519699939029 26.1307628935004 26.2519699939029 28.8390616473989 27.1500779 29.7884797523801 26.9284704663063 29.6757977905793 13.9058 26.9584620999258 28.1733692415177 26.775375877921 30.3639380316859 28.7017070390804 NA NA
"231" 23.050834026163 22.8622241563739 21.8347669890635 21.8752842572762 22.0856594685518 22.2358970666101 22.0856594685518 23.0132847503431 20.3726499 22.5186725169515 22.9975022884638 22.5559307189857 11.3358 22.9962754228987 23.6788622216393 22.8571688232409 23.9900150565329 22.6454160136581 NA NA
"232" 29.0431363686724 28.8984194524322 28.4681710975984 28.2729538565467 28.4101680376907 28.2520835199527 28.4101680376907 31.3491360857905 29.2986645 31.0878861077185 28.9934507322534 30.7603725623548 13.6128 29.1013664919231 30.2054313713778 28.8165296311729 30.5889459779849 29.7110541527701 NA NA
"233" 14.5427508139011 14.6598878959459 14.0523632582527 14.0520792802617 14.1450008210112 13.6147641003883 14.1450008210112 13.9749713862659 11.0659029 14.8982020562323 14.480123624357 14.46680911833 6.5324 14.5362852878286 14.2689851371967 14.3744403299203 13.6095957562352 14.0046324624948 NA NA
"234" 24.7252110759504 24.7925907513652 24.6344680580625 24.3280190751727 24.4373440501929 23.9397345044233 24.4373440501929 25.906969133774 24.1101149 26.0448231433006 24.6737512178223 25.6658957041122 10.4214 24.7730092565128 25.8719526828337 24.3679775446435 23.7264278043668 23.8950777952036 NA NA
"235" 19.3849967494024 19.5137216290134 19.7571657145778 18.9955632592094 19.0896340467269 18.3555360038337 19.0896340467269 20.4584567454424 18.7357526333334 19.7293055623106 19.3154485515435 19.8312735307538 6.3362 19.3613459563355 19.7058722557115 19.3022278913007 20.5470326995617 18.7803847854561 NA NA
"236" 17.507138310639 17.3183135077583 17.5293188754855 17.4184117508316 17.4019989110037 16.9138502261641 17.4019989110037 17.2718223223537 17.7470705333333 17.7903896888697 17.4653751975736 17.0218353681647 13.986 17.4417568798404 17.5884552606235 17.6589607437306 16.1360343893492 16.8278558089069 NA NA
"237" 19.0462549004689 19.1468161490251 18.6446463459479 18.3339306624178 18.4863333698876 18.190605144715 18.4863333698876 17.4811581735943 17.5087813 17.2439387460048 18.9857039148911 17.3736741216098 12.335 19.0159092878923 19.414511134219 18.7561752462681 17.6641940360053 18.035358882324 NA NA
"238" 15.6636092610966 16.1310706096677 16.6473454035506 15.8824241191465 15.8824700717173 15.5036946985511 15.8824700717173 16.4195710995529 14.3213779 16.0774820627196 15.6535191878879 16.106716196165 17.5462 15.5341025026206 15.7689631501438 15.2412566374556 15.4481698778785 16.3198225385171 NA NA
"239" 19.3569193846798 19.2836894078797 18.7647550899743 18.672945322034 18.7799371650131 18.7888313148357 18.7799371650131 19.0018650901078 17.8371655 17.7370204148778 19.3225640093775 17.9606082958519 10.9762 19.3604306175745 19.8828790631669 19.6772228054879 18.6999124783784 17.9054892759454 NA NA
"240" 19.3503064460736 19.2462152198159 19.4850240542832 19.203812002469 19.1637777155673 18.2956197319319 19.1637777155673 20.0920436126624 18.5784213666666 18.8528953834113 19.2751969149759 18.5125707478457 14.2332 19.2981864084209 19.6841187482866 19.3363165411929 19.3433302619174 20.0288089427161 NA NA
