    Y2
1    0
2    0
3    0
4    0
5    0
6    0
7    0
8    0
9    1
10   0
11   0
12   1
13   0
14   1
15   1
16   1
17   0
18   1
19   0
20   0
21   0
22   0
23   1
24   0
25   0
26   0
27   0
28   0
29   1
30   1
31   0
32   0
33   0
34   0
35   1
36   0
37   0
38   0
39   0
40   1
41   1
42   0
43   0
44   1
45   1
46   1
47   1
48   1
49   1
50   0
51   0
52   1
53   1
54   1
55   1
56   1
57   1
58   0
59   0
60   0
61   0
62   1
63   0
64   1
65   1
66   0
67   0
68   0
69   1
70   1
71   0
72   1
73   1
74   0
75   0
76   0
77   1
78   0
79   0
80   0
81   1
82   1
83   0
84   0
85   1
86   0
87   0
88   1
89   0
90   0
91   0
92   0
93   1
94   1
95   1
96   1
97   1
98   0
99   1
100  0
101  0
102  0
103  0
104  0
105  1
106  0
107  0
108  1
109  0
110  0
111  0
112  0
113  1
114  0
115  0
116  1
117  0
118  1
119  1
120  0
121  0
122  1
123  1
124  1
125  1
126  1
127  0
128  0
129  1
130  0
131  0
132  0
133  1
134  1
135  0
136  1
137  1
138  1
139  0
140  1
141  0
142  0
143  0
144  0
145  0
146  1
147  0
148  0
149  0
150  1
151  0
152  1
153  1
154  0
155  0
156  0
157  0
158  1
159  1
160  1
161  1
162  0
163  0
164  0
165  1
166  1
167  0
168  1
169  0
170  0
171  1
172  0
173  1
174  0
175  0
176  0
177  1
178  1
179  1
180  0
181  1
182  0
183  1
184  1
185  1
186  0
187  0
188  0
189  0
190  0
191  1
192  1
193  1
194  0
195  1
196  1
197  0
198  1
199  1
200  0
201  0
202  0
203  0
204  0
205  0
206  1
207  0
208  1
209  1
210  0
211  0
212  1
213  0
214  1
215  1
216  0
217  0
218  1
219  0
220  0
221  1
222  1
223  1
224  1
225  1
226  0
227  0
228  1
229  1
230  1
231  1
232  1
233  0
234  1
235  0
236  0
237  1
238  0
239  0
240  1
241  0
242  1
243  0
244  0
245  1
246  1
247  0
248  0
249  1
250  0
251  0
252  1
253  0
254  0
255  1
256  0
257  1
258  0
259  0
260  0
261  1
262  1
263  1
264  0
265  1
266  0
267  0
268  1
269  1
270  1
271  0
272  1
273  0
274  1
275  0
276  0
277  1
278  0
279  0
280  1
281  0
282  0
283  0
284  1
285  0
286  0
287  1
288  1
289  0
290  0
291  1
292  1
293  0
294  0
295  1
296  1
297  0
298  1
299  1
300  1
301  0
302  0
303  0
304  0
305  1
306  1
307  0
308  1
309  1
310  0
311  1
312  1
313  0
314  1
315  1
316  0
317  1
318  0
319  1
320  1
321  0
322  0
323  1
324  1
325  1
326  1
327  0
328  0
329  1
330  1
331  1
332  0
333  0
334  0
335  1
336  1
337  0
338  1
339  1
340  1
341  0
342  1
343  0
344  0
345  0
346  1
347  1
348  0
349  1
350  0
351  1
352  1
353  0
354  0
355  0
356  1
357  0
358  1
359  1
360  0
361  0
362  1
363  1
364  0
365  1
366  1
367  0
368  0
369  1
370  1
371  1
372  1
373  0
374  1
375  0
376  1
377  0
378  1
379  0
380  0
381  1
382  0
383  1
384  0
385  1
386  1
387  0
388  1
389  0
390  0
391  0
392  0
393  1
394  1
395  1
396  1
397  1
398  0
399  0
400  1