       X17    X18    X19    X20    X21    X22    X23    X24    X25    X26    X27    X28    X29    X30      Y1
1   -0.804 -1.421  0.469  0.316  0.002  0.526  1.555  1.994  1.315  0.930  0.642  1.946  1.499  1.151   7.568
2    0.214 -0.761 -0.763  1.508 -1.160 -0.095 -0.551 -0.410 -0.694  0.278 -1.076 -0.496 -0.463 -0.738  -8.177
3    0.308 -0.818 -0.401  0.489  3.794  0.534  0.301  2.111 -0.285 -0.536 -0.057  0.889  1.015  1.431   6.723
4   -0.053 -0.033 -0.566 -0.552 -0.756 -1.795 -0.644 -1.041 -1.370 -0.096  0.017 -1.122 -0.392 -0.961  -4.128
5   -0.026 -0.319 -0.957 -1.399 -3.099 -0.877 -1.292 -0.778 -0.956 -1.081 -1.180 -0.294 -1.661 -1.136   6.323
6    0.686  0.467  1.300  1.465 -1.223 -1.562 -0.447 -0.064 -1.609  0.309 -0.562 -0.053 -0.609 -1.085   1.730
7    0.577 -0.128 -0.317  0.042  0.223 -1.309 -0.219 -1.178 -1.258 -0.835 -1.336 -1.221 -1.139 -2.066   6.168
8    0.919  0.244  0.756  0.204 -1.512 -2.144 -1.019 -0.888 -0.969 -0.467 -1.063 -0.711 -1.196 -0.942  21.666
9   -0.791 -0.715 -0.508 -2.586  1.961  1.609  1.301  1.332  0.793  1.716  1.252  1.002  0.706  1.481  19.651
10  -0.746  1.859  0.557  0.609  0.335 -0.062 -0.415 -0.196 -0.094  0.389 -0.595 -1.049 -0.297 -1.596  20.247
11   1.407 -0.053 -0.628  0.201 -0.364  0.322  0.736 -0.130 -0.118  0.153  1.018 -0.871 -0.575  0.069  -0.095
12   0.344 -0.727 -1.556 -1.253  1.207  0.760 -0.019  0.325  0.470  1.417  0.651  0.517  1.710  1.110   9.707
13   0.735  0.890  0.645  0.435  0.580 -0.664 -1.219 -1.314 -1.101 -0.797 -0.890 -0.424 -1.301 -0.956  -0.293
14   0.163 -0.562 -0.064  0.761  0.087 -0.432  0.073 -0.275  0.165 -1.395 -0.138  0.116 -1.180  0.484   8.822
15  -0.079 -1.425  0.445  0.025  1.675 -0.332  0.926  0.200  0.201  0.845 -0.346  0.365  0.109  1.026  37.689
16   0.043  0.095  1.097 -1.505 -1.531  2.264  1.495  0.742  1.067  1.227  1.657  1.136  0.316  1.230  19.606
17  -0.375 -0.078 -0.510  1.292 -1.216 -0.548 -0.822 -0.463 -0.218 -1.215 -0.512  0.130  0.088  0.457   6.962
18  -0.773 -0.497 -1.034 -0.315  0.795  0.612  0.578  0.135  0.345 -0.054 -0.542 -0.178  0.987  0.129  19.008
19  -1.171 -1.821 -1.991 -1.054 -0.197  0.324  1.445  2.272  0.698  0.802  0.643  1.363  1.454  1.596 -12.901
20  -0.257  0.778 -1.241  0.233  0.137  0.119 -0.684 -0.309 -0.075 -0.779 -0.841  0.003 -0.902  0.157   6.322
21   0.238  0.194  2.431  0.035 -0.384 -0.067  0.276  0.352  0.388 -0.470 -0.249  0.790  0.433  0.721  11.786
22   1.417  1.630  0.577  0.329  0.018 -0.778 -1.895 -1.014 -0.238 -1.374 -1.485 -1.021 -0.615 -0.718   2.999
23  -0.743 -0.591  0.050  0.914 -2.187  0.572  1.742  1.079  0.457  0.656  0.397  0.481 -0.054  0.823   6.975
24  -0.989  0.216 -0.522  1.241 -1.570 -0.126  1.376  1.712  0.750  0.514 -0.125 -0.002  0.562  0.125  -7.472
25  -1.224 -0.266 -0.904 -1.086  0.972 -0.231  0.725  1.184  1.263  0.052  0.542 -0.251 -0.642  0.185   2.589
26   0.674 -0.524  0.542  0.124  0.159 -0.391 -0.911 -0.321 -0.821 -0.786 -0.857 -0.389 -0.615  0.041   8.938
27   0.172  0.458  0.502  0.956  0.743  0.307 -0.598  0.055  0.126 -0.716 -0.281  0.644  0.055 -0.650  15.547
28   0.097 -0.347  0.882  0.711 -0.576  1.348  0.571  1.251  0.792  1.274  0.347  0.925  0.486  0.128  14.181
29  -1.540  0.116  0.140  0.795 -0.501 -0.724 -0.728 -0.157 -1.383 -0.885 -0.913 -0.993 -0.463  0.181  28.598
30  -0.451 -0.063 -0.447  0.424  2.850  1.428  0.917  1.341  0.705  1.975  1.021  1.220  0.298  0.863  22.246
31   0.789  0.331  0.157 -0.887  0.033 -0.936 -0.174  0.300 -1.160 -1.297 -0.655 -0.241 -0.540 -0.483   4.017
32  -0.093 -0.321  0.076 -0.363 -1.992 -0.978 -1.501 -1.617 -0.517 -1.728 -0.195 -0.447 -0.882  0.099  -7.415
33  -1.521 -0.508 -0.074  0.745  1.253 -1.228 -0.513 -0.631 -0.760  0.681 -0.621 -0.595  0.411 -0.486   8.951
34   1.052 -0.800 -0.748  0.177  1.499  0.323  0.519  1.444  1.067  0.463  0.512  0.080  0.118 -0.729   5.690
35   1.593  2.073  2.509  0.937  2.987  0.142  0.453 -0.537 -0.356 -0.613  0.815 -0.360 -0.384 -0.482  11.312
36  -0.448 -0.186 -2.030 -1.528  1.502  1.255  1.445  1.167  1.984  1.524  1.161  1.291  1.647  1.263  -0.651
37  -0.388  1.650  0.235  0.306 -2.444  1.228 -0.203 -0.893 -0.799 -0.629 -1.023 -0.465 -0.389 -0.632 -11.800
38   0.699  1.387  0.655  0.501 -0.025 -0.573 -0.923 -1.908 -0.707 -1.446 -0.710 -1.670 -0.618 -2.290  -5.680
39  -1.265 -0.910 -1.670 -1.193  1.189  1.201  0.973  0.481  0.385  0.518  0.216  0.342 -0.361  0.251  -1.481
40   0.650  0.343  0.995 -0.259  2.673  0.387 -0.794 -0.130 -0.287 -0.553 -0.175 -0.183 -1.158 -0.977   4.655
41   1.393  1.838  0.698 -1.205  2.357 -0.238 -0.454 -0.257  0.560 -0.470  0.391  0.032  0.479  0.665  15.551
42   0.537  0.575 -0.524 -0.098  0.446 -1.124  0.026 -0.594 -0.207 -0.480 -0.074 -0.359  0.211 -0.468   3.553
43   1.865  1.860  0.708  0.054 -1.842  1.918  1.080  1.410  0.499  2.280  2.056  0.621  1.259  1.818  -2.527
44  -0.594  0.010 -1.134 -0.359  2.500  0.159  0.356  0.431 -0.583  0.946  0.940  0.012 -0.449  0.750   7.103
45  -0.042  0.396 -0.028 -0.184 -0.672 -1.316 -0.906 -0.945 -1.258 -0.560 -1.273 -0.463 -1.027 -1.153   8.421
46   0.529  1.674 -0.364  0.636 -0.260  0.962  0.229  0.620  0.847  0.317  1.155  1.332  1.016  0.270  -1.388
47  -1.745 -1.506  0.426 -0.028  0.899 -0.449 -2.385 -2.071 -1.936 -1.783 -0.957 -0.692 -1.757 -2.005  10.970
48   2.192  1.486  0.880 -0.983  1.118 -1.799 -1.743 -2.675 -2.234 -3.328 -2.326 -2.146 -2.383 -3.016  16.346
49   2.310  1.393 -0.085  0.677  3.730 -1.995 -0.965 -1.462 -1.434 -1.763 -1.338 -1.769 -1.886 -1.140  13.045
50   0.364  0.530 -1.188 -0.323 -1.908  0.767  0.441  0.007  0.723 -0.344  0.656  0.883  0.749  0.972   2.930
51  -1.977  0.394  2.357  1.212 -1.002 -0.212  0.453 -1.130 -1.295  0.617  0.479  0.712  0.195  0.690   3.111
52  -0.623 -1.367 -0.688 -2.030  1.275  2.383  2.182  1.747  2.376  2.019  1.654  2.049  2.696  2.361   3.945
53  -0.410 -1.216 -0.895  0.150 -0.117 -0.406 -0.193 -0.582  1.176 -0.961  0.535  0.029 -1.374 -0.392  -1.427
54   0.534 -0.666 -0.694 -0.426  2.259  0.099  0.549  0.317 -0.310  0.541  0.128  0.305  0.431  0.092  23.634
55  -1.060  0.413 -0.244  0.176  2.228 -0.952 -1.438 -2.220 -2.074 -2.380 -1.013 -2.550 -1.563 -2.078  -1.410
56  -0.372 -1.343 -0.655  0.654 -1.205 -0.891 -1.303 -1.086 -0.572 -0.352 -0.536 -0.885 -0.879 -0.274   0.858
57   1.799  0.654  0.403 -0.315  2.198  0.963  0.401  0.381  0.548  0.562 -0.123  0.630  1.159  0.681   5.256
58  -1.178 -1.458 -0.865 -3.195 -0.557  0.169 -0.668 -0.409 -0.353 -0.133 -0.270 -0.226  0.126  0.278  -2.914
59   0.037  0.973 -1.017 -0.702 -1.689  0.309 -1.213  0.028 -0.470 -0.017  0.758 -0.639 -0.208 -0.583   9.007
60  -0.325  0.278 -0.818 -0.552  0.665 -0.795 -1.312 -1.000 -0.673 -0.616 -1.108 -0.416 -1.101 -1.144   9.382
61   1.046  1.286  1.435 -0.445 -1.189 -0.073  0.611  1.222  1.800  1.435  0.674  0.328  2.238  1.615  13.242
62   0.549  0.728 -0.120 -0.222  2.962 -0.605  0.671 -0.973 -0.178 -0.015 -0.896 -0.461 -0.591 -1.807   7.116
63   0.168  0.781  1.523  1.657 -0.381  1.267  1.337  0.942  1.970  1.574  1.662  2.212  1.635  1.502  -3.209
64   0.733  0.826  0.115  0.273  0.282 -0.109  0.200  0.100 -0.526 -1.213 -0.344 -1.366  0.674 -0.633  13.496
65   2.709  1.991  0.590 -0.551  2.154  0.571  0.609 -0.345  0.419  0.569  0.288  0.669  0.885 -0.421  10.102
66   0.081  1.060 -0.109 -0.413  0.420  0.110  1.295  0.605 -0.024 -0.318 -0.014  0.786  0.047  0.974   1.897
67  -0.479 -0.120  0.489 -0.468 -1.524  0.253  1.284  0.140  1.476  1.275  0.789  1.287  1.143  0.342   1.454
68  -0.053 -0.632 -0.988 -0.663 -1.033  1.172  1.306  1.303  1.832  1.406  1.623  1.492  0.833  1.486  -2.620
69   0.363 -0.326  0.615  0.851 -0.172  0.096 -0.433 -0.251 -1.029 -0.757 -0.259 -1.638 -0.573 -0.582   5.759
70   0.639  1.028  0.995  1.870  2.318  0.080  1.849  1.163  1.658  1.152  1.809  0.106  0.781  1.087  36.127
71  -0.926 -0.620  0.183  0.188 -2.982 -0.518  0.603  0.375  0.580 -0.294  0.668  0.947  0.330  0.312  -0.930
72  -2.002  0.507  0.362  0.266 -0.594  0.122  0.318 -0.139 -0.539 -0.506  0.153 -0.286 -1.171 -0.109   6.153
73  -1.073 -0.342 -0.005 -0.396 -0.143 -0.242  0.433 -0.717  0.204 -0.073 -0.911 -0.630 -0.221  0.324  13.325
74   1.107 -0.269  1.182  1.102  1.225  0.237 -0.627  0.009 -0.004 -0.664  0.373 -0.951 -0.553  0.371  19.843
75  -1.399 -0.457 -1.035  0.624  0.836  0.366 -0.200  0.203 -0.510  0.110  0.131 -0.772 -1.740 -0.398   3.403
76  -0.912 -0.766  0.149 -0.228 -2.505 -1.070 -1.009 -1.242 -1.410 -1.248 -0.352 -1.269 -1.068 -1.576   3.916
77   1.202  0.957  0.662  0.532  0.346 -0.277 -0.159 -0.095  0.585 -0.214 -0.728 -0.417 -0.054 -0.917  -2.524
78  -0.889  0.563  0.646  0.832  1.925 -0.262 -0.411 -0.413  0.001 -0.558  0.051 -0.366 -0.330 -0.368  17.057
79  -0.569  0.880  0.383 -0.348 -0.479 -0.779 -0.871 -0.846 -1.473 -1.118 -0.009 -0.367 -0.842 -0.471   2.504
80   0.818  2.358  2.147  1.034  0.087  0.397  0.650 -0.837 -0.527  0.214  0.920  0.075 -0.388  0.359   7.346
81  -1.869 -0.452  0.099  1.013  0.192  0.136 -0.555 -0.667  0.326 -0.517  0.671 -0.114 -0.536  0.243  14.362
82  -0.070  2.000  3.230 -1.191 -0.864 -0.724 -0.708  0.109 -1.036 -0.812 -0.289 -0.923 -1.151  0.237  14.923
83  -0.397 -0.201  1.900  3.214  1.292  2.504  1.613  0.135  2.113  1.377  1.417  1.595  0.288  2.326   0.126
84   2.052  0.130  0.060  0.485  1.658  0.665  0.754  1.140  0.710  1.188  2.165  1.558  1.712  0.953  11.379
85  -1.623 -0.119 -2.247 -0.791  1.292  0.644  0.506  0.185  0.935  0.518  1.194  0.559  0.048 -0.258  10.046
86   2.486  1.493  0.760  0.724 -0.563  1.292  0.400  0.864  1.305  1.098  1.370  2.336  1.963  1.409   9.260
87   1.138 -0.542 -0.083 -0.478 -0.949  0.372  1.448  1.324  0.440  0.407  0.638  0.537  0.692  1.142  -4.936
88  -2.172 -2.162 -0.762  0.206  1.413  1.382 -0.253 -0.232 -0.247 -0.186 -0.034 -0.159 -0.674 -0.490   7.703
89   1.648  1.107 -0.536 -0.089  0.881 -0.766 -0.857 -0.776 -0.580 -1.332 -0.580  0.195 -0.802 -1.020  13.200
90  -1.459 -1.162 -0.341  0.390 -1.265 -1.422 -0.207 -1.881  0.036 -1.056 -1.273 -0.430  0.397 -1.562  -2.654
91   0.602  0.997  1.463  1.210  1.077  0.291 -0.105 -0.824 -0.704 -0.837 -0.822 -1.517 -0.330  0.840   6.357
92   0.694  1.078 -0.151  0.933  0.157 -0.640 -0.957 -0.137 -0.382 -0.903 -1.059 -0.863 -1.048 -0.846  -5.732
93   1.040  0.633 -0.504  0.525 -0.937 -0.015 -1.944 -1.384 -0.493 -0.311 -1.135 -0.698  0.489 -0.638   3.953
94   0.738  0.157  0.502 -0.358  0.856  0.826  0.315  0.351  0.646  0.771  1.004  0.696  1.582  1.183  15.894
95  -0.455  0.798  0.502 -0.270 -2.493 -1.044 -1.141 -0.918 -0.708 -0.387 -1.024 -0.374 -0.661 -1.505  17.141
96   1.030  0.917  2.959  2.359 -0.185  1.551 -0.464 -0.989  0.232  0.213  0.127 -0.627  1.350  0.203   7.033
97   1.975  0.937  1.175 -0.777  0.236  1.188  1.529  0.362  1.043  0.652  1.074  1.855  0.660  1.038  -4.031
98   1.424  0.928  0.746  1.843 -2.906  0.321 -0.813 -0.391  0.017  0.162  0.327  0.827  0.161 -0.141   7.781
99  -0.216 -0.820  1.879  0.615  1.046  0.493 -1.627 -0.362 -0.730 -0.536 -1.152 -0.293 -0.996 -0.308  15.724
100  0.363  0.499  0.589  1.374 -0.328  1.134  0.469  0.427 -0.228  0.718  1.037  0.058  1.382 -0.446   6.926
101  1.652  0.092  1.081 -0.579 -0.932  0.783  0.760  0.528  1.200  1.433  1.445  0.691  0.530  0.052  -3.102
102 -0.015  0.957  0.800 -1.575 -0.272 -0.232 -0.096 -1.182 -0.391 -0.344 -0.266 -1.821 -0.152 -0.187   1.543
103 -0.175 -0.727 -2.213 -0.897  1.665 -2.948 -2.033 -2.801 -2.108 -3.260 -2.950 -1.374 -2.106 -2.708  18.395
104  0.176  0.460  0.292 -1.352  0.041 -0.641 -0.627  0.143 -0.311  0.337 -0.124 -1.003  0.163  0.091   0.989
105  2.089  0.297  0.124  0.496 -1.841 -0.436  0.115 -0.877 -0.026 -0.306 -0.386 -0.761 -1.118  0.155  -1.821
106 -1.181 -1.278 -1.428  0.421 -1.581 -0.001 -1.321 -0.614  1.501 -0.588  0.167  0.783 -0.455 -0.086  -2.326
107 -0.517  1.263  0.466 -0.764 -0.939 -0.031  0.384 -0.172 -1.442 -0.707 -0.903 -0.295 -1.479  0.346  -4.283
108 -0.422  0.083  0.796  0.349  0.764 -0.033 -0.384  0.577  1.381 -0.117  0.977  0.103 -0.074  0.021  13.279
109 -0.453  1.690  0.945  0.489  0.569 -0.448 -0.219  0.283  0.305  1.290  0.127  0.126  0.026 -0.083  -1.473
110  0.571 -0.205 -0.133 -0.853 -0.220  0.862  0.825  0.597  1.042  0.653  0.931  0.433 -0.455 -0.256  17.591
111  0.248  0.674  0.007 -0.635 -0.564 -0.101  0.156 -0.138  0.330 -1.375 -0.241  0.292  0.062 -1.158  11.123
112  1.746  0.144 -0.459 -0.863 -2.189 -0.860 -0.733 -0.510 -0.979 -1.006 -1.133 -0.923 -0.605 -1.545  -3.505
113  0.381  1.245  0.925  0.802 -0.410 -0.376 -0.044  0.293  0.392  0.333 -0.140 -0.213 -0.526 -0.128  -0.483
114 -0.386  0.378 -0.108 -2.014 -2.097  0.305 -0.477 -0.259 -0.714 -0.785 -0.658 -0.576 -0.492 -0.150   7.256
115 -0.209  1.466  1.208  2.344 -0.595 -1.145 -1.053 -0.771 -1.183 -0.433 -0.675 -1.945 -1.688 -0.597  14.071
116  1.390  1.166 -0.211  0.352 -1.580  2.432  1.810  1.031  2.590  2.021  0.906  2.106  2.596  2.347   2.352
117 -0.828  0.248  0.849  0.844 -1.014  0.796  0.399 -0.364 -0.582 -0.133  0.103 -0.169  1.195  0.580  -7.033
118  0.648 -0.638 -1.026 -1.020 -0.584  0.235 -0.397  0.036 -1.226 -0.903  0.488  0.197  0.242 -0.053  11.615
119 -0.063  0.677  1.096  0.197  1.192  0.362 -0.069 -0.532 -0.187  0.793  0.272  0.465  0.922  0.630  20.699
120 -0.285  0.509 -0.429  1.486 -3.348  0.818  0.848  0.689  0.835  1.348  1.070  0.290  0.309  1.227   2.591
121  1.456  1.852  2.088  1.600  2.169 -1.208 -1.009 -0.252 -2.210 -0.724 -0.110 -0.228 -1.006 -1.070   8.598
122  0.573  0.232  0.999  1.139  0.263 -0.427  0.152 -0.090  0.552  0.033 -0.187  0.641 -1.645 -0.750   4.774
123 -0.086 -0.727 -2.272 -0.010  2.457  0.384  0.258 -0.091 -0.176  1.576  0.398  0.946 -0.505 -0.278  14.739
124  1.699  2.890  0.922 -0.359  2.150 -0.453 -0.323 -0.237  0.186  0.780  0.208  0.399  1.516  1.408  19.481
125  0.814  0.914 -0.181 -0.279 -1.589 -0.627 -0.018 -0.440 -0.199  0.975 -0.655 -0.999 -0.747 -0.054   6.477
126  0.362 -0.243  1.057  0.466  1.087 -1.662 -1.516 -1.600 -1.069 -1.479 -0.715 -1.730 -1.415 -0.995  17.188
127 -0.212  0.567  1.153  0.728  1.153  0.788 -0.340  0.691  0.358  0.556  0.207 -0.473  1.350  0.397  21.088
128  0.379 -0.567 -1.512 -0.871 -0.265  0.354  0.464 -0.597  0.085 -0.227 -0.125  0.606 -0.907  0.898   0.499
129 -0.794 -1.231 -1.560 -1.295 -1.054 -1.312 -1.546 -1.853 -1.506 -1.030 -0.325 -1.383 -0.835 -1.839  20.790
130  3.112  2.124 -0.561  0.363 -4.021  0.329 -0.452 -0.199  0.069  0.212  0.206  0.605  0.042  0.326 -21.725
131  0.977 -0.433 -0.211 -0.607 -1.309  0.761  1.511  2.193  2.220  1.142  0.840  1.878  2.072  1.453 -10.943
132 -0.516 -1.432 -0.101 -0.911 -0.097  0.900  1.082  0.322  0.359  0.635  0.269 -0.007  0.128  1.144   0.068
133  0.303  1.211 -0.563 -0.789 -0.990  0.752  0.381  1.104 -0.143  0.017  0.538  0.870  0.911 -0.117  13.955
134 -0.271 -0.839 -0.670  0.192 -1.624  0.658 -1.207  0.462 -0.115 -0.422  0.444  0.191 -0.148 -0.979   2.735
135  1.038  0.281  0.850  2.181 -1.166  1.520 -0.017  0.322  1.211  0.458  1.130  1.077  1.387  1.105  -4.691
136  0.647 -2.048 -1.423 -1.265  0.403 -0.627 -1.037 -0.184 -1.204  0.347 -1.043  0.050 -1.117 -0.229  12.370
137 -1.596 -1.377 -1.837 -1.949  2.593  0.660  0.332 -0.714  0.298 -0.425 -1.080 -0.819 -0.422  0.284  17.418
138  0.028  1.397  1.996  2.274  0.255  0.344  0.414  0.031 -0.152 -0.708 -0.088 -0.025  0.040  0.154   2.307
139 -1.759 -0.911 -1.290 -2.262 -0.074  0.566 -0.471  0.570 -1.070 -0.442 -0.113 -0.357  0.579 -0.639  -1.534
140 -0.692 -0.032  0.552  1.282 -1.831  0.837 -0.194  0.352  1.429  1.254  0.308  1.168  0.716  0.802  19.893
141 -0.072 -1.504 -2.550 -1.526 -0.745 -0.648 -0.332 -0.613  1.013 -0.259 -0.161  1.076 -0.003 -0.048  16.277
142  0.064  0.962  1.935  1.690  0.432  0.331  1.402  1.251  0.379  2.149  1.838  2.293  0.581  1.947  13.132
143 -1.679  0.241 -0.260  0.820 -1.304 -0.189  0.577  0.188 -0.039 -0.051 -0.904  0.204  1.144  0.345  -1.139
144 -0.560  2.026  1.572  0.990 -1.571  2.651  2.485  1.938  3.113  2.858  3.339  2.007  1.349  2.307  -7.322
145 -0.551  0.153 -0.951 -1.649 -0.815  0.301 -0.278 -0.361 -0.469  0.958 -0.256  0.425  0.600  0.595  -2.277
146  0.804  0.641  2.037 -0.324  2.728  1.122  0.880  0.188  0.013  0.251  0.647  0.445  0.590  1.346  15.582
147  0.239  0.606 -0.318 -0.360 -1.007 -1.278 -1.416 -0.681 -0.314 -1.335 -1.673 -1.662 -1.677 -0.864   5.460
148 -0.307  0.807 -0.205  0.139 -0.959 -2.439 -2.538 -2.451 -2.149 -2.454 -2.146 -2.488 -0.727 -2.529   9.683
149  1.469  0.456  0.892 -0.622 -1.476  0.303 -0.202  1.165  0.426 -0.509  0.266  0.020  0.438  0.173 -11.982
150  0.615 -0.126  0.879 -0.994  1.412  0.763 -1.148  0.789  0.415  0.418  0.768  1.219  0.740  0.069  16.980
151  0.679 -0.481 -1.378 -1.509  0.000  0.967  0.240  0.576  0.384  0.464 -0.088  0.077  0.470  0.708  -8.604
152 -1.571 -0.722  0.395  0.886  3.592 -0.144 -0.396 -0.294 -1.046 -0.466  0.322 -0.293 -0.599 -0.569  26.481
153  0.131 -0.146 -0.945 -2.274  1.954  0.223 -0.015  0.403 -0.463  0.319  0.212  0.146  1.006 -0.057   4.963
154 -0.880 -0.425 -2.367  0.581  1.673  0.452  0.255  0.036  0.125  0.021 -0.410 -0.879 -1.063 -0.392  12.120
155  0.607  1.274 -0.035  0.740 -1.486  0.170  1.038 -0.698 -1.002 -0.376 -0.452 -0.590  0.333 -0.388   3.150
156  1.952  2.211  1.163  0.053  1.686 -0.705 -0.919 -1.442 -0.673 -0.280 -0.693 -1.104 -0.928 -0.858  18.514
157 -0.506 -0.072 -0.446 -1.818  1.808 -1.118 -0.678 -1.034 -1.269 -0.411 -0.049 -0.057 -0.584 -0.189  23.076
158  0.358 -0.440  0.134 -0.573 -0.314 -1.007 -0.841 -1.397 -2.161 -1.157 -0.400 -0.950 -0.965 -1.109  -1.975
159 -1.444  0.391  0.093  0.765 -0.722 -2.402 -1.484 -0.832 -1.880 -0.706 -1.217 -1.272 -0.895 -1.851  12.550
160 -0.390 -0.228 -0.110  0.230  0.435  0.592  0.435  0.250  0.387  0.765 -0.038  0.254  1.510  1.036  22.899
161 -0.079 -0.077 -0.603  0.243 -0.150 -0.253  0.654  0.512 -0.136  0.014 -1.064  0.346 -0.313 -0.556  16.491
162  1.344  0.664  1.604  1.310 -1.330  0.144 -0.350 -0.205  0.854  1.117 -0.116 -0.597  0.403  0.443   9.875
163  2.141 -0.466 -0.861 -1.529  0.225 -0.629 -1.622  0.207  0.022 -0.142 -0.684 -0.655 -1.870 -0.704  11.653
164 -0.236 -1.019 -0.584 -0.410 -0.588 -0.287 -0.621  0.762 -1.449  0.389  0.458  0.807 -0.589 -0.313   1.008
165 -1.214 -0.202 -0.580  0.795 -0.328  0.014  1.141  0.297  0.471  0.072 -1.419  0.840  0.231  0.000  10.714
166  0.268  0.363  0.555  0.310  1.837  0.917  1.157  1.408  1.410  1.152  0.614  1.221  0.799  0.431  26.827
167 -0.049 -0.413 -0.100 -1.503 -1.326 -1.543 -0.615 -0.655 -1.200 -1.376 -1.444 -1.333 -1.568 -1.473  -5.452
168  0.302  0.048  1.384  0.738 -0.491 -1.186 -0.567 -0.524 -1.075 -1.204 -0.242 -0.826 -0.742 -0.834  27.447
169 -0.137  0.480  0.811  0.046 -0.460 -1.565 -1.692 -1.837 -2.204 -1.405 -1.559 -1.715 -0.628 -1.145   2.164
170  0.037 -0.175 -0.571 -0.683 -0.811 -0.365 -0.216 -0.947  0.222 -0.763 -1.551 -0.549 -0.224 -0.911   8.045
171  0.442 -0.780  0.922 -0.120  0.056  0.783 -0.005  0.472  0.448 -0.041  0.492 -0.039 -0.255  0.051  20.260
172 -0.324  0.354  0.334  0.495 -0.769 -0.531  0.166 -0.128  0.378  0.295  0.012 -0.300 -0.218  0.158  -5.498
173 -0.988  0.968 -0.653  0.364 -0.593  0.406  0.794  1.343  0.197  0.648  1.435  1.151  0.471  0.482  12.027
174 -0.468 -0.303  1.217 -0.516  0.592 -0.220  0.095  0.123 -0.144  0.702  0.639  0.454  0.092  0.210  -2.557
175 -0.278  0.142  0.069 -0.017 -0.372 -1.445 -0.922 -0.386 -0.067 -1.109  0.060  0.345 -1.208 -1.546  -6.720
176 -1.058 -1.228 -1.012  0.174  2.039 -1.145 -0.662 -0.819 -0.860 -1.352 -0.908 -1.157 -1.029 -0.498  -3.932
177 -0.824 -0.438 -1.280 -0.967  0.982  0.370  0.437  0.921  0.031  0.455  1.388  1.630  0.149  0.901  16.201
178 -0.903 -1.925 -1.342 -2.205  1.165 -1.490 -0.377 -0.803 -0.837 -1.826 -1.605 -1.668 -1.891 -1.511   1.949
179 -0.869 -1.126  0.203 -0.114  1.585  0.576 -0.296  0.237  0.222 -0.147  0.785 -0.122 -0.422 -0.438  17.957
180  0.084 -1.392 -1.011  0.436  1.157  0.477 -0.784 -0.543 -0.562 -0.347  0.402  0.484  0.133 -0.557  12.872
181 -1.386 -1.154 -1.305  1.277 -0.855 -0.654  0.000 -0.530 -0.681 -1.248 -0.652 -1.046 -1.420 -1.725   3.196
182 -1.426 -0.206 -0.509 -1.641  1.505  0.205  0.682 -0.260  0.434 -0.326  0.464 -0.023  0.155  0.194  18.086
183  0.775  0.149 -0.855  0.620  1.820  0.889  0.214  0.763  0.068  0.946  1.317  1.229  1.038  0.940  28.366
184 -1.136 -0.307 -0.147  1.422 -0.312  1.706  0.839  1.280 -0.762  0.836 -0.141  1.293  0.147 -0.152   2.075
185  1.623  1.475  0.397  1.103  0.056 -0.465 -1.259 -1.320 -1.080 -0.729 -2.217 -0.527 -0.444 -0.400  23.114
186  0.545 -0.488  1.049  0.432 -1.718  0.363  0.508  0.562 -0.147 -0.862 -0.106  0.685  0.442  0.738  -4.311
187 -1.329 -2.470 -1.540  0.776 -0.657  0.177 -0.176  0.295 -0.251 -0.661 -0.200  0.789 -0.327 -0.095  -3.675
188 -0.294  0.369  0.425  1.302  0.613 -1.158 -0.111 -0.761 -0.220 -1.064 -0.769  0.662 -0.782 -0.719   6.985
189 -0.760 -0.541 -1.524 -1.662 -1.178  0.513  0.219 -1.053 -0.292 -0.309  0.359 -0.218 -0.470 -0.063   0.645
190 -0.038  0.823 -0.310 -0.233 -1.298  0.433  2.256  1.552  1.626  1.385  0.765  1.325  0.724  0.936  -0.563
191  1.503  1.842  1.462  1.331 -0.066 -0.417 -0.854 -0.685 -1.493 -0.162 -0.752 -2.179 -1.669  0.183  11.110
192  2.197  1.626  0.830  0.013 -1.148 -0.766 -1.224 -0.899  0.229  0.060 -0.949 -0.181 -0.899 -0.059  -9.544
193  1.351 -0.005  0.207  0.306  2.168 -0.194 -0.111  0.171  0.551 -0.128 -0.616  0.280 -0.311 -0.747  10.118
194  0.089 -0.220 -1.177 -0.974  3.200  0.316  1.061  0.892  1.600  1.387  1.859  2.209  0.395  1.129  33.000
195  0.579 -0.406  0.668  1.313  1.920 -0.993 -0.736 -0.055  0.112 -0.278 -0.736  0.271  0.127 -0.445   8.461
196  1.199 -0.579 -1.624 -0.509 -0.359 -0.063 -0.167 -0.459 -0.216  0.121 -0.661 -0.100  0.322  0.225  10.977
197 -1.188 -1.342 -0.739 -0.144 -1.465  0.081 -1.235 -1.434 -0.631 -1.442 -1.721 -1.032 -2.347 -1.958  -4.179
198  0.660  0.860  0.691  0.580  0.923  0.473  0.516  1.620  0.377  0.646  0.397  0.967  2.100  0.815  17.578
199 -1.029 -2.044  0.103 -1.464  0.129  1.181  1.637  0.593  0.580  2.035  1.492  0.864  1.603  0.935  11.998
200  1.271  1.869 -0.060 -0.738  0.313 -0.214 -0.593 -0.463 -0.382 -1.342 -0.695 -0.557 -0.213 -1.089  -0.508
201  0.564  0.388 -0.707 -1.598 -0.654 -2.559 -2.001 -1.918 -2.554 -1.843 -1.615 -2.480 -1.429 -1.642   6.601
202 -0.315  0.290 -1.050 -1.699 -1.212  0.807  0.782  0.999  0.433  1.129  1.574  0.659  0.170  0.165   9.794
203 -0.413  0.967  3.262  0.555 -1.676 -0.332 -0.136  1.014  0.306 -0.109  0.072 -1.343 -0.114  0.505 -13.269
204  0.477  0.458 -1.203 -0.461  3.110  2.061  1.898  0.989  0.534  1.852  2.267  2.215  2.790  1.443  12.423
205 -0.791 -0.800  0.045  0.973 -1.884  0.019  0.701 -0.109  0.420  1.508  0.751  1.154  0.014  0.733  16.180
206  0.563  0.397  1.115  0.674  1.654 -1.271 -0.680 -0.353 -0.973 -2.122 -1.423 -1.317 -0.991 -1.143  16.230
207 -0.487 -1.012 -0.500 -0.756 -0.532 -0.023 -0.492 -0.481 -0.039  0.317 -0.891  0.741  0.276  0.473   5.718
208 -0.163  0.289 -0.887 -1.262  0.160  0.381  1.089 -0.319 -0.577 -0.274 -1.126 -0.452 -0.032 -0.392  13.561
209  1.088  0.512 -0.237 -0.378 -1.981  0.369  0.332  0.311 -0.567  0.705  0.701  1.475  0.603  0.738   1.322
210  0.633  0.786 -1.672 -0.610 -2.622  0.189 -0.613 -0.202 -0.859 -1.375 -0.010 -0.457 -1.313 -0.259  -6.629
211  0.576  0.497  0.217  0.566  0.240  0.733  1.913  0.098  0.405 -0.385  0.340  0.753  0.047  1.205  -4.005
212  0.823  0.924  0.277  0.682 -1.012 -0.521 -0.449 -0.058 -1.595 -1.736 -0.462 -1.236  0.061 -0.514  20.505
213 -0.009 -1.421 -1.811 -0.895  1.122  1.644  2.608  2.346  0.723  1.001  1.034  0.936  1.608  1.467   2.321
214  1.540  0.247 -1.986 -2.487  1.097  0.986  0.901  1.432  2.261  0.776  1.442  0.916  1.545  1.866   9.849
215 -0.064  0.370 -0.532  0.274  0.577  1.348  1.408  1.699  2.062  1.720  1.233  2.463  1.508  1.527   2.870
216  0.055 -0.830  0.788  0.180  0.356  0.616 -0.475 -0.966  0.499  1.033  0.731 -0.630  0.719  0.405   3.885
217 -0.385  1.316  0.658  0.771  1.331  1.262  1.043  0.225  0.748  0.198  0.932  1.644  0.877  0.687  18.621
218  1.181  0.461  0.348 -0.199 -1.704 -0.267 -0.625 -0.471  0.546 -0.419 -1.583 -0.245 -0.945 -0.622  19.442
219  0.198 -0.647 -1.987 -2.163  0.855 -0.331  1.152  1.474  0.293  1.265  1.897  0.693  0.521  0.900  12.534
220 -0.609 -0.674  0.727  0.131  0.191  0.290 -1.556  0.390  0.575  0.366  1.423  0.304 -0.132 -0.117   7.858
221 -0.032 -0.217  1.164  0.444  1.403 -0.338 -0.225 -0.035  0.017 -0.365 -0.095  0.699 -0.290  0.269  22.870
222 -1.517 -0.230 -0.395 -1.000  1.050  0.451  1.418  1.806  1.632  1.714  2.627  1.384  1.985  0.606  22.286
223 -0.938 -1.588 -1.480 -1.415  0.845  0.895 -0.602  1.017 -0.834  0.091 -0.199  0.171 -0.482 -0.215  17.087
224  1.247  0.060  0.022  0.594  1.167 -2.039 -1.651 -1.115 -2.231 -1.199 -1.898 -1.456 -1.591 -1.533  35.880
225 -2.398 -0.845 -0.363 -0.022 -2.250  0.672  1.100 -0.159 -0.450 -0.338  0.024  0.184 -0.102  0.975  10.117
226 -0.841  0.660 -0.628  0.547  0.235 -1.054 -1.329 -0.386 -0.995 -1.056 -1.765 -1.363 -0.889 -1.859  11.948
227 -2.131 -0.745 -1.490 -0.751  1.134 -1.040 -1.645 -1.898 -0.401 -0.690 -0.816 -0.853 -1.279 -1.816  11.120
228  0.067  0.896  2.173  0.993 -0.071  0.064 -0.213 -1.253 -0.674 -1.208 -0.987 -0.657 -1.504 -0.439  16.150
229 -1.001  1.204 -0.562  0.068 -0.915  0.054 -0.795  0.180  0.123  0.047  0.804  0.776 -0.097 -0.193  10.532
230  0.686  0.789  1.430  0.684  0.813  1.082 -0.298 -0.874 -0.188 -0.071 -1.490 -0.758 -0.658 -0.531  13.575
231 -1.466  1.190 -1.224 -1.230  0.795 -0.195  0.606  0.586 -0.029 -0.254 -0.023 -0.599 -0.154  0.123  18.452
232 -0.723 -2.052 -1.448 -2.150  0.019  0.127 -1.032 -0.312  0.480  0.104 -0.419 -0.391 -0.468 -0.197  -0.149
233 -0.916 -0.380 -0.556  0.570 -1.588 -0.527  0.736  0.060  0.156  0.290 -0.634  0.404  0.137  1.257   8.733
234  0.284 -0.115  0.196  1.501  0.435  0.774 -0.322 -0.137  0.985 -0.265 -0.639  0.048 -0.424 -0.609   3.635
235 -0.868 -1.005 -1.443 -0.487  1.817  0.592  0.780  1.226  0.700  0.767  1.199  1.727  0.403  0.985   8.272
236 -1.433 -0.344 -0.470 -0.656 -0.476  0.527 -0.395 -0.691 -0.802  0.676 -0.053 -0.556 -0.389  1.177   4.047
237  0.780  0.470  1.930  1.087 -2.460  0.689  1.430  1.908  2.194  3.428  1.929  0.813  0.862  1.213  12.822
238  1.749 -0.544  0.326  0.199 -0.920 -2.681 -2.481 -2.229 -1.901 -1.684 -2.788 -2.223 -2.420 -2.135   3.674
239  0.373 -0.374 -0.119 -0.204 -0.052  1.007  0.689  0.539 -0.098  2.053  0.216  0.312  0.109  0.487  14.305
240  0.114 -1.241 -0.139  0.692  2.352  0.603 -0.559  0.085 -1.211  0.060 -0.272 -0.138  0.026 -0.624  27.440
241 -0.069  0.385 -0.340 -0.989 -0.285 -2.253 -1.245 -1.271 -0.938 -1.123 -2.900 -2.269 -1.688 -1.482   2.582
242 -1.084  0.236  1.277 -0.253 -0.618  0.173  1.381 -0.131  0.503  0.812  0.028  0.647 -0.319  0.447   0.496
243 -1.167 -0.457 -0.797 -0.409  2.423 -1.593  0.266 -0.308  0.323 -0.159  0.049  0.201  0.089  0.264  23.496
244  0.311  0.146  0.812 -0.107  0.915  1.113  1.531  0.088 -0.344  0.332 -0.628 -0.011  0.468 -0.476   0.302
245  0.717  1.200  0.502  1.749  0.983 -1.925 -2.548 -1.498 -2.086 -2.532 -2.643 -2.224 -2.028 -1.530   8.686
246  1.909  1.053 -0.072 -1.179 -0.935  0.002 -0.760 -0.867 -0.411 -0.267 -1.286  0.203  0.166  0.057   9.012
247 -0.157 -1.353 -0.933  0.034 -2.046  0.170  0.419  0.944  0.162  0.430  0.275  1.211  0.595 -0.355   0.549
248 -1.026 -1.037 -0.301 -0.217 -0.142  1.305  0.680  0.650  1.014  0.731  0.178  1.353  0.269 -0.608  11.312
249  0.082  0.597 -0.638  0.262  0.592 -0.087 -0.045  1.576  0.348  0.402 -0.328  0.516  1.435  0.529  14.600
250 -1.534 -0.821 -0.820 -0.662  1.308  2.218  2.337  1.958  1.515  1.809  1.859  0.791  1.352  2.075   7.804
251  0.458 -0.148  0.422  0.193 -0.949 -0.365 -0.405 -0.188  0.884 -0.921 -0.375  0.506 -0.563 -0.479 -13.244
252 -0.712 -0.722 -0.356  0.862 -0.900  0.269 -0.270 -0.372  0.569  0.132  0.161  0.166  1.315  0.384   1.514
253 -0.347  0.737 -0.481  0.391  0.350  0.827  1.078  0.987 -0.383  0.163 -0.024  1.127  0.669  0.477   2.697
254 -0.457 -1.431 -0.290 -0.908 -1.597 -0.464 -1.170 -1.063 -1.618 -1.779 -2.176 -1.414 -1.805 -2.079  11.955
255 -0.632 -2.032  0.112 -1.055  0.566  0.921  0.532  0.255  0.525 -0.336  0.763  0.190  0.801  1.521   6.124
256 -1.125 -0.033  1.328  0.576 -0.208 -2.532 -0.414 -1.209 -0.519 -0.037 -0.639 -1.469 -1.025 -0.365  29.116
257 -0.684  0.473  0.023  0.475  0.734  0.419  0.652  0.572  0.467  0.198  1.452  0.011  0.885 -0.395   3.000
258  0.379  0.299 -0.336 -1.388  0.855  0.153 -1.189 -1.947 -0.403 -2.273  0.458 -1.147 -0.773 -1.072  13.488
259  2.047  1.575  0.952  0.771  1.345  0.929  0.888  1.530  1.238  1.065  0.836  1.499  0.885  1.428   1.060
260 -0.059 -1.504 -0.992 -1.118 -0.273  0.225  0.000 -0.361 -0.026  0.356  0.953 -0.641  0.866  0.335   4.116
261  1.129 -0.156  0.821 -1.576 -1.547 -1.506 -2.118 -0.168 -1.874 -1.392 -1.382 -1.056 -1.448 -1.444  18.655
262 -0.290  0.016 -0.660 -1.817 -0.058  0.456 -0.994 -1.305  0.596 -0.431 -1.061 -0.458 -0.564  0.543  17.340
263  1.042  0.336  0.554  0.831  0.633  1.935  1.752  1.774  2.135  0.920  1.672  1.444  1.123  2.292   9.615
264 -1.408 -2.246 -0.802 -1.066  0.441  0.564  0.550  0.112  0.317  0.773  1.280  0.264  0.104  0.422  23.339
265  1.438  0.368 -0.118 -0.971 -0.261 -0.482 -1.184  0.115 -1.046 -0.955 -0.568 -0.123 -0.035 -1.703  12.801
266 -0.438  0.059  0.304  0.206 -1.012  0.539 -0.101  0.025  0.736  0.587  1.522  1.316  0.603  0.771  18.214
267  1.328  1.071  1.083  1.003  0.111 -0.146 -0.234  0.679  0.188 -0.548 -0.812 -0.959 -0.538  0.621   5.817
268  0.888  1.265  0.054  1.790  1.243  1.675  1.498  1.322  1.725  1.145  1.080  1.306  1.481  0.059  18.747
269 -0.212 -0.299 -0.868 -0.270  1.480  0.146  0.504  0.560  0.932  0.353 -0.068 -0.398 -0.136  0.216  26.243
270  1.818  1.881  2.899  0.353 -0.045 -0.729 -0.630 -1.104 -0.002 -0.905 -0.852 -1.150 -0.340 -0.825  10.831
271 -0.636  0.163 -1.421 -0.228  1.044 -1.011 -1.194 -0.610 -0.766 -0.405 -1.102 -1.873 -0.420 -0.706  17.624
272 -1.671 -0.665 -1.372 -0.753 -1.148 -0.598 -0.547  0.469 -1.280 -1.057 -1.369 -0.575  0.554 -1.249   4.257
273 -0.266  1.163  0.207 -0.476 -3.119  1.600  1.593  1.158  1.832  2.918  1.697  0.877  1.588  1.899  -3.005
274  0.520  0.374  0.797 -0.263  0.153 -1.249 -1.035 -0.331 -2.046 -0.885 -0.827 -0.069 -0.671 -0.573  18.964
275  0.131  1.061  1.260  0.363  0.209 -0.506 -0.328 -0.657 -0.527  0.351 -1.025 -0.815 -0.035 -0.274   5.788
276 -0.751 -1.287 -0.466  1.690 -0.560  1.101  1.469  1.505  1.188  0.076  0.024  0.837  0.736  0.165   2.562
277  0.022  2.029  0.078  0.467  0.392 -1.525 -1.535 -1.253 -1.933 -1.335 -1.552 -1.957 -1.719 -1.679  20.246
278  0.049 -0.186 -0.151  0.743 -3.026 -1.501 -1.581 -0.412 -1.118 -0.972 -0.787  0.401 -0.727 -1.677  -3.678
279 -0.031 -1.218  0.155 -0.500 -0.963  1.817  0.855  0.441  0.636  0.327  0.675  0.713  0.593  0.854   0.426
280  1.124  0.826 -0.845 -0.605 -0.454 -0.865 -1.383 -1.021 -0.652 -1.469 -1.730 -1.220 -1.136 -1.912   5.922
281  1.168 -0.101  1.426  0.536 -2.459  0.010 -1.070 -0.401 -1.126  0.910  0.293 -0.594 -1.054  0.168  -0.554
282 -0.687 -0.626  0.548 -1.277 -1.746 -1.690 -1.110 -0.827 -1.085  0.026 -0.679 -0.598 -0.604 -0.671   3.422
283  0.320 -0.944 -0.839  0.817 -1.180 -0.816 -1.003  0.370 -0.837 -1.094 -0.754 -1.176 -0.312 -1.425  -1.849
284  0.539  0.817  0.375 -0.349 -1.275 -0.650 -0.218 -0.476 -0.520 -1.057 -0.513 -0.206 -0.502 -0.971  11.456
285 -1.153 -0.749  0.464  0.205 -2.035 -1.393 -1.528 -1.806 -1.964 -0.947 -2.845 -0.888 -1.259 -0.697 -17.823
286 -0.729 -1.677  0.560  0.355  1.166 -0.466 -0.626 -1.032 -1.326 -0.916 -0.769 -1.109 -0.626  0.426  -3.813
287  2.344  1.395  0.785 -0.357  0.877 -1.198 -1.207  0.219 -1.154 -0.936 -1.502  0.224 -0.473 -1.796   0.618
288  1.169  0.527 -0.597 -1.288  1.833  0.892  0.066  0.067 -0.521  0.220  1.050  0.302  0.043 -0.866  13.760
289  0.110  0.806  0.497  0.763 -0.863 -1.322 -0.752 -0.450  0.954 -0.975 -0.338  0.539 -1.359 -0.317  -5.493
290 -0.679 -0.528 -0.080  0.838 -1.388  0.626  1.565  2.094  2.489  1.945  2.958  2.830  2.447  1.622   2.387
291  0.776  1.241 -0.158 -0.922  2.257  0.626  0.734  0.305 -0.459  0.491 -0.389 -0.302  0.007 -0.199  12.767
292  1.546  1.975  0.753  1.511  0.406 -0.927 -0.109 -0.228 -0.472 -0.814  0.382  0.495 -0.551 -0.470  16.800
293  2.800  0.987  0.255  0.851 -0.539 -0.229  0.823  0.728  0.496  0.345  1.034 -0.024  1.177  1.333  -2.762
294  0.344 -0.149  0.263  1.552 -0.456 -0.859 -0.143 -0.939 -0.251 -0.825 -0.332  0.112 -0.829 -0.976  -6.585
295 -0.684 -1.421 -1.184 -0.696 -0.519  0.531  1.351  0.365  0.920  0.787  1.466  0.594 -0.221  1.035   6.380
296 -1.038 -0.158  0.334 -0.258  1.665 -0.014 -1.004 -0.501 -0.017  0.365 -0.575 -0.704 -0.952 -0.947  20.770
297 -0.149 -0.441 -0.378  0.181 -3.852  0.888 -0.321 -0.230 -0.310 -0.809  0.334  0.381 -0.492 -0.051   2.699
298  0.166  0.073 -0.777  0.770 -1.787 -0.530 -1.793 -0.767 -1.140 -0.203 -0.347 -0.514 -0.693 -0.268  12.320
299  1.046  0.943  0.393  0.367 -0.320  1.135 -0.005 -0.139  0.238  0.454  0.157  1.257  0.296  0.290   2.013
300 -1.005 -2.849 -0.413 -1.188  0.141 -2.211 -1.001 -1.304 -1.214 -0.793 -1.306 -1.727 -1.158 -1.900  14.436
301 -0.566 -0.203 -2.030 -1.858 -0.092  2.027  2.426  1.738  0.883  1.807  1.701  1.919  2.348  2.489  -5.048
302  1.791  0.482  0.732 -0.402 -2.229 -0.706 -0.542 -0.544 -0.884 -1.078 -0.655 -0.749 -1.331 -0.843  -7.712
303 -0.072 -1.281  0.731  2.069 -0.630  0.304 -0.585 -0.120 -0.207 -0.667 -0.063 -0.238  0.012 -1.184   7.177
304  0.121  0.478  0.578 -0.361 -2.607 -1.090 -0.514 -0.574 -0.022  0.324  0.483 -0.558  0.241 -0.830  15.766
305 -0.261 -0.348 -0.634  0.193 -2.476  1.209  0.636  1.799 -0.029  0.978  0.173  0.154  1.394  1.192  -2.407
306 -1.516 -0.466 -0.345 -0.806 -0.072 -1.081 -0.439 -1.253 -1.232 -0.991 -0.939 -1.470 -0.476 -0.804   8.508
307  0.002  0.686  0.683  0.029  0.398 -1.464 -0.174 -0.813 -0.390 -0.121 -0.398 -0.460 -1.206 -0.029  -0.892
308  0.708  0.757  0.641  1.718  0.278 -0.324  1.400 -0.002 -0.095 -0.666 -0.683  0.226  0.039  0.180   9.178
309  1.086 -0.076  0.189 -0.133 -0.431  0.070  0.839  0.044  1.327  1.554  0.871  1.359  0.553  0.660  34.720
310  1.107  0.502 -1.196 -0.580 -0.507 -1.002  0.821 -0.053 -0.747  1.527  0.220  0.412 -0.231  1.324  -7.448
311 -1.440 -0.764 -0.183 -0.681 -1.265 -1.155 -0.734 -1.679 -0.664 -1.519  0.427 -1.079 -1.668 -1.374   8.785
312  1.555  1.260 -0.038  0.227 -1.051 -1.245 -0.413 -2.340 -1.024 -1.826 -0.516 -0.813 -1.019 -1.714   5.496
313 -1.073 -2.331 -2.233  0.093 -0.922 -1.270 -2.601 -1.211 -1.437 -0.796 -1.990 -1.220 -1.883 -1.457  -8.361
314  0.819  0.700  0.587  1.273  0.030 -1.265 -1.959 -2.088 -1.899 -1.243 -2.452 -2.351 -1.424 -1.747  27.273
315  1.038  0.257  0.460  0.218  1.583  1.247  0.275  0.905  0.275  0.494  0.530 -0.639  0.514 -0.851   9.409
316  0.409  0.130 -0.259 -0.959  3.905 -0.373 -1.087 -0.597 -0.858 -0.256 -0.569  0.103 -0.691  0.038  33.343
317  1.671  2.375  0.994 -1.074  0.919 -0.490 -0.525 -0.988 -0.484  0.912 -0.219 -0.337 -0.072 -1.267  11.157
318  1.445  2.049  0.041  1.541  1.061 -0.719 -0.617 -0.510 -0.396 -0.226 -1.109 -0.287 -0.479 -1.431   7.557
319  0.528  1.123  1.053  2.257  0.042 -1.303 -0.501 -0.276 -1.138 -0.351  0.159  0.078 -0.878  0.304   7.834
320  0.417 -1.016  0.714 -0.008 -0.450 -0.668 -1.501 -0.884 -0.176  0.293 -0.481 -1.835 -0.476 -1.947  15.703
321 -1.734 -1.047 -0.070  1.574 -1.439  0.323  0.129 -0.313  0.416  0.070 -0.271  0.585  0.372  1.044   7.172
322  0.681  0.012 -0.055  0.463  0.589 -2.593 -2.075 -1.573 -2.090 -2.004 -1.338 -2.185 -1.635 -1.808  14.873
323  0.620  0.923 -0.735 -0.591  0.414  1.206  0.794  0.161  0.145  0.043  0.387  0.506  0.551  0.199  12.907
324  0.389 -0.282 -0.803 -0.324  0.280 -0.187 -0.534 -0.105 -0.002 -0.348  1.390  0.229  0.265  0.346   7.984
325  1.770  2.233  0.596  1.641 -0.221  0.960  0.924 -0.462  1.830  1.510  1.611  1.757  1.364  0.436  29.837
326  2.176 -0.046 -0.572 -2.275 -2.653 -0.694 -0.371 -0.434 -0.631 -0.396 -0.562 -0.649 -1.031  0.014   7.053
327  1.154  1.269 -0.110 -0.607 -1.345 -2.449 -0.724 -1.103 -1.008 -1.454 -1.197 -1.371 -0.644 -1.564   0.615
328  0.197 -1.303  0.035  0.159  0.297  0.839  0.533  0.817  1.037  0.972  0.550  0.409  1.632  1.383   2.149
329  0.338 -0.207  0.271  0.582  0.406 -0.159  0.292 -0.469 -0.274 -0.177  0.029  0.510  0.112 -0.286  20.052
330  1.997 -0.549 -0.536  1.463  0.842 -0.873  0.074 -1.028  0.398 -0.888 -0.558 -0.299 -0.035 -0.380   7.441
331 -0.960 -0.967 -0.069 -0.412 -2.190 -0.108  0.811  0.922  1.265  0.712  0.613  1.076  0.498 -0.504  22.532
332 -0.111 -0.817  0.472  0.691 -2.181  0.183  1.428 -0.855 -0.052  0.597 -0.196  0.842  0.711  0.576 -11.056
333 -0.192 -0.567 -1.152  0.074  0.546 -1.495 -1.374 -1.400 -1.268 -1.202 -0.784 -1.596 -1.864 -1.320   1.285
334  1.066 -0.708 -1.144 -0.701 -1.960 -0.280 -0.588 -0.556 -0.151 -1.112 -0.097 -0.336 -0.403 -0.497   7.470
335 -1.178 -0.634 -0.950  0.450 -0.514  0.113  0.737 -0.360  0.205  0.277  0.100 -0.030 -0.161 -0.373   1.606
336 -1.844 -0.507 -0.030  1.497  0.067 -0.329 -0.261 -0.402  0.569  0.475 -0.065 -0.575 -0.924  0.537  13.316
337  0.256 -0.608 -0.185  1.151 -2.202 -0.888 -1.777 -2.749 -1.830 -1.864 -2.127 -0.390 -0.627 -2.092   1.132
338  0.604 -0.509 -0.142 -0.234 -1.270 -0.224  0.912 -0.234  0.388 -0.023  0.297  0.969  0.356  0.038  11.035
339  0.682 -1.215 -1.240 -1.638  1.148 -0.241  0.516 -0.673 -0.183  0.126 -0.499 -0.488  0.080 -0.942  22.475
340 -0.242 -0.400 -1.368 -0.497  1.410  0.860  0.286  0.654 -0.018 -0.011  0.112 -0.727  0.904 -0.084  13.350
341  0.178 -0.479 -0.901 -0.728 -0.530  1.735  2.418  1.013  1.318  0.544  1.043  1.596  1.598  1.656   3.088
342  1.701  1.536 -0.346 -0.243  3.078 -0.781 -0.524 -2.018 -1.509 -2.032 -0.935 -1.438 -2.338 -2.588  -1.156
343 -0.756 -0.270 -0.228 -0.381 -2.204 -1.611 -2.586 -1.060 -1.043 -1.248 -2.085 -1.133 -1.637 -0.798  -0.926
344 -1.789  0.345  0.359  0.302 -1.180  0.112  0.731  0.753 -0.402  1.347 -0.004  1.189  0.780 -0.147  -0.482
345  0.177 -0.018  0.135 -0.322  1.154  1.142  0.709  0.730  0.297  1.366  0.967  1.030  0.079  0.942   3.634
346  0.997  0.555  0.533  0.693  0.552 -0.766 -0.930 -0.520 -0.693 -0.736 -0.666 -0.902 -0.710  0.049  31.213
347  1.090  0.966  0.766 -0.726  1.240 -0.038 -0.617  0.803  1.383 -0.566 -0.350  0.424  0.061  0.480  17.348
348 -0.510 -1.280  0.553 -1.976 -0.479 -1.433 -1.204 -1.594 -1.373 -2.084 -1.032 -1.681 -1.920 -1.669  -4.435
349 -0.796 -0.181 -0.059 -0.561 -0.180 -0.110  0.098 -0.219  0.373  1.541  0.113 -0.505  2.302  0.728  -7.650
350  0.662 -0.879 -0.984 -0.026  1.025 -0.547 -1.225 -0.688 -0.266 -0.009  0.665 -1.206  0.595 -0.503   5.910
351  0.051  0.909  0.456 -0.437  1.605  0.029  0.730  0.482 -0.097 -0.721  0.156 -0.750  0.074  1.524  13.196
352  1.182 -0.028 -0.937 -2.302  2.319 -1.225 -0.662  0.040 -0.942 -0.384 -1.174  0.075 -1.465 -1.296  11.983
353  0.325  0.367 -0.174  1.495  0.473 -0.549  0.513  0.073  0.146  0.051  0.447 -0.288  0.469  0.924  13.961
354 -1.820 -1.018 -1.510 -1.523 -0.644  2.894  1.399  2.545  2.071  1.905  0.978  1.298  0.955  1.506  -3.641
355 -0.467  0.059 -1.176  0.097 -0.329 -0.904 -0.840 -0.619 -0.598 -0.142 -0.806 -1.200 -1.034 -1.013  14.379
356  1.362 -0.720  0.973  1.661 -0.151  1.318  2.011  1.186 -0.085  0.636  1.245  1.479  0.670  1.232   9.119
357 -0.495 -0.112  1.461  0.631 -1.709 -0.394 -0.337 -0.900 -0.421 -0.437 -0.280 -1.431 -1.201 -0.460  14.864
358  0.016  0.898 -0.310 -1.415 -0.584 -0.065 -0.339 -1.467 -0.805 -0.817 -0.991 -0.965 -1.092 -0.573  14.899
359  0.896  1.030  0.463 -0.090 -0.415  1.271  0.424  1.247  1.978  0.874  0.662  0.580  0.745  0.868  21.621
360  1.316  0.547 -0.133 -1.781 -1.130 -1.696 -1.029 -2.094 -1.563 -0.790 -1.145 -1.182 -1.639 -0.644  -1.931
361 -1.480 -1.551 -0.737  0.291  1.199 -0.164  0.691 -1.140  0.302  0.403 -0.548 -0.427 -0.236 -0.036  -0.778
362  0.119  1.028  0.606  1.357 -1.208 -0.356 -0.114 -0.743 -1.016  0.069 -1.352 -0.184  0.509 -0.312   9.940
363 -1.905 -0.535  0.983  1.790 -0.577  0.400 -0.174 -0.801 -0.295  0.225  0.243  0.278 -0.221  0.016  13.034
364 -1.616  0.305  0.897 -0.279 -1.042  0.541  1.031  0.097  0.702  0.535  0.843  1.301  0.416  0.593  15.069
365  0.451 -0.108 -0.173 -1.592  1.002  1.642  2.299  0.995  0.138  2.263  1.388  1.131  0.998  1.612  26.114
366  1.986  1.901  0.912 -0.109  1.158 -0.716 -0.423 -0.739 -1.595 -0.898 -1.142 -1.080 -1.391 -1.001   7.599
367  0.639  0.131 -0.043  0.427 -0.319  1.558 -0.068  0.478  0.966  0.950  0.976  0.695  1.086  1.258  -5.122
368  0.269 -1.727 -1.575 -1.327 -0.537 -0.936 -0.942 -1.285 -2.095 -1.432 -0.271 -0.106 -1.139 -0.791   0.817
369 -0.089  0.390  0.480 -0.355  2.690  1.256  0.385  1.413  0.055  1.427  0.543  0.616  0.536  1.020  19.809
370  0.159  0.502  1.124  0.016  0.797 -0.944 -1.160 -0.303 -0.465 -0.663 -0.875 -0.237 -0.346 -2.052  17.922
371 -1.464 -1.246 -0.525  0.392 -1.705 -0.196 -0.519 -0.722 -1.307 -2.073 -0.681 -0.981 -0.137 -0.496  11.047
372 -0.199  0.157  0.388 -0.734  1.484  0.697  1.144  0.116  0.729  1.320  0.398  0.963  0.778  0.849  -3.800
373  1.381  1.194  0.830  1.613 -2.821 -0.816  0.505 -0.247 -0.299 -0.204 -0.503  0.340 -0.286  0.529   0.419
374 -0.822  0.833  0.332  0.416  0.159  0.144  0.535  1.057  0.134  0.357 -0.024  0.075  0.284 -0.056   5.084
375 -1.719 -2.068 -0.951 -0.436 -1.294  1.800  0.900  0.868  0.671  1.006  0.437  1.473  0.581  1.096  -2.708
376 -0.402 -0.309  1.416  1.862  0.363  0.183 -0.011 -0.196 -0.674 -0.053 -0.672 -0.369  0.643  0.529   3.135
377  1.060  0.200  0.318  0.919 -0.911  0.629  1.634  1.893  2.687  0.325  1.330  1.345  1.789  1.841  -9.228
378  1.085  1.274  0.823 -0.425  3.365 -0.569  0.749 -1.014 -0.054 -0.097 -0.979 -0.252 -0.585 -0.762  28.070
379 -0.437 -0.507 -0.971  0.604 -1.846  0.803  0.017  0.207  0.786  0.344  0.220  1.070  1.191 -0.372 -10.880
380  1.733  1.073  0.569 -0.373 -0.175 -1.277 -0.742 -0.581 -0.983 -0.054 -0.345 -0.890 -0.885 -0.999  -1.924
381  1.397  1.841  2.649  0.996  0.944  1.906  0.471  0.997  0.905  0.872  0.429  1.356  1.810  1.113  12.881
382  0.535 -0.501  1.212  1.237  1.909  0.927  0.941  0.729  0.575  0.206  0.865  1.142  1.487  0.591  20.088
383  0.885  1.774  0.933  0.570  1.167  0.377  0.995  0.676  0.243  1.376  1.247  0.284  0.519 -0.107  17.228
384 -1.775 -1.225  0.492 -0.853  0.343 -0.241  0.016 -0.709  0.723  0.282  0.246  0.443  0.287  0.593  -4.982
385 -0.429  0.018 -0.957  0.220 -1.717  0.639  0.816 -0.462  0.346 -0.428 -0.114  0.783  0.433  0.115  -6.422
386 -0.291 -0.636  0.388 -0.299  1.303 -0.754  0.127 -0.214 -0.340 -0.269 -0.224 -0.006 -0.931 -0.065   9.920
387 -0.096  0.049  2.066  1.763 -0.832 -1.602 -2.261 -1.770 -2.883 -2.508 -2.242 -0.948 -2.286 -2.054   2.069
388 -0.049  0.262 -0.483 -0.958 -0.249 -0.041 -0.111 -1.260 -0.981 -0.030  0.061 -0.653 -0.247 -0.670  16.067
389 -1.455 -0.495  0.667 -0.982 -2.055 -1.473 -0.677 -0.083 -1.102 -0.805 -0.217 -0.115 -0.265  0.164  10.659
390 -1.872 -1.741 -0.831  0.043  0.084 -0.288  0.672 -0.426 -0.878 -0.023 -1.206 -0.488 -0.013 -0.299  -0.031
391  1.541 -0.274 -0.528  0.981 -1.251  0.723 -0.483  1.176 -0.735  0.845  0.206  0.349  1.608  0.921   8.334
392  0.955  1.847  0.517 -0.606 -1.196  0.156 -0.438  0.105  0.031  0.605  0.330 -0.061  1.391  0.033   2.635
393 -1.565 -1.558 -0.181 -1.567  0.479  1.093  0.704  1.090  0.148 -0.525 -1.307 -0.169 -0.019  0.204  15.676
394 -1.107 -1.180  0.961  0.490  0.486  1.558 -0.060  1.383  1.100  0.920  1.478  0.612  0.314  0.875  17.588
395 -1.486 -0.716 -0.713 -0.911  0.082 -0.070 -0.072 -0.201  0.861 -0.131 -0.387  0.329  0.102 -0.100  18.865
396 -1.732 -1.727  0.026  1.568  0.191  0.987  0.448  0.575  0.718  1.345 -0.009  1.239  1.263  1.011   9.134
397 -1.401 -0.916 -0.366  0.664  0.100 -1.591 -0.109 -0.708 -0.743 -0.449  0.003 -0.957 -1.721 -1.033   9.574
398 -0.098 -1.630 -1.224  0.769  0.299 -0.547 -0.630 -0.180 -0.601 -0.250 -0.471 -0.890 -0.048 -0.699   4.571
399 -0.727  0.958  0.993  0.479 -1.128  0.300  0.836  0.447  1.184  0.102  0.138  0.139  0.318  1.330   1.155
400 -1.425 -1.171 -1.384 -1.103  0.415 -0.542  0.251  0.027  0.624  1.117 -0.367  0.987 -0.098  0.590   6.985