    X1     X2     X3     X4     X5     X6     X7     X8     X9    X10    X11    X12    X13    X14    X15    X16
1    1 -0.683 -0.537 -1.328 -0.600 -0.090 -0.545 -0.226 -1.385  1.029 -1.032 -0.434 -0.545 -0.365  0.529 -0.706
2    0 -1.390 -0.104 -0.962 -0.559 -0.815  0.037 -1.151 -0.622  1.059 -1.076 -1.102 -0.191  0.124  0.909 -0.182
3    0  0.928  0.274  1.129  0.091  0.699 -0.506 -0.857 -0.542  0.175 -0.543 -1.934 -0.197 -0.080  1.452  2.097
4    0 -0.556 -0.290 -0.142 -0.173 -0.416  0.831  0.133  0.496  0.942 -0.296 -0.408  0.182  0.188  3.231  0.977
5    1 -1.005 -0.699 -1.477 -0.638  1.010 -0.189 -0.157  0.771  0.405 -1.337 -0.322 -0.730  1.745  1.327  1.161
6    0  0.407  1.296 -0.145 -0.695 -1.009 -1.948  1.147  1.261  0.511  1.015 -0.649 -0.119 -0.604  0.477  1.519
7    1  0.151 -0.604  0.322 -0.700  0.003  1.378  1.316 -0.960  0.163 -1.221 -0.029  0.406  0.217  2.974  0.053
8    1  0.205 -0.139 -1.926  0.723 -0.895  0.004  0.529 -0.752  0.393  0.686  0.613 -0.535 -0.933  1.026  0.221
9    1  0.934  0.372  1.263  1.279  0.673 -0.397 -0.798 -0.826  0.850  0.039 -0.994 -1.014 -2.691  0.054 -1.893
10   1  0.627  0.204  0.771  0.974  0.668  2.069 -0.336 -2.158  0.395  0.141  1.583  0.755 -0.013  0.384 -2.004
11   0 -0.077 -0.269  0.690 -0.076  1.385  0.029 -1.807 -0.524  3.391 -0.671  0.292  0.876  1.217  0.418 -0.606
12   0  0.751  1.265  1.050  1.130 -0.282 -0.433  0.347 -1.340  0.261 -0.271 -0.266 -0.103 -0.134  0.986  0.118
13   1 -1.401 -0.195 -0.504 -0.736  0.813  0.593 -0.273 -0.698  5.627  1.244  0.064 -1.307 -1.711  0.118 -1.400
14   1  0.112 -0.150  0.617 -0.599 -0.070  1.244  0.860 -0.325  6.103  0.381  1.167  1.093  0.343  1.005 -0.178
15   1  1.628  2.027  1.898  2.065  0.403  0.041 -0.673 -1.128  1.487 -0.099 -0.853 -1.234 -1.591  0.491 -0.944
16   1  0.608  0.461  0.660  0.114 -1.360 -2.396 -0.345  0.389  0.816 -0.027 -0.926 -1.475 -0.586  1.661 -0.713
17   1 -0.355 -0.312  0.404 -0.170 -0.875 -0.184  0.114 -0.191  1.693  0.904 -0.281  1.266 -0.042  0.923 -1.811
18   1  0.401  0.343  0.612  1.438  1.029 -0.257 -1.945 -2.629  0.246 -0.335 -0.753  0.019 -0.806  0.710  0.851
19   0 -1.253 -2.054 -1.017 -1.645  0.191 -0.171  0.586 -0.184  1.034  1.111 -0.267  1.357  0.112  0.450 -0.260
20   1 -0.546 -0.884  0.640 -0.033 -0.913 -1.218 -0.764 -1.291  0.367 -0.768 -0.135 -1.032 -0.694  0.463 -0.969
21   1  0.775 -0.985 -0.175  0.173 -0.403  0.198  0.086 -0.963  0.187 -1.987 -0.555 -0.913 -0.484  3.555  0.065
22   1 -1.265 -0.326 -0.344  0.043 -0.931 -0.210 -0.276  0.796  2.227 -0.261  0.182  0.249 -0.271  2.722  1.748
23   1 -0.825 -0.139  0.808 -0.312 -0.488 -1.439 -0.354 -1.361  0.819  0.302  1.760 -0.141  0.079  8.378  0.442
24   0 -1.377 -1.220  0.553 -0.223  0.984  0.118 -1.317 -1.031  0.315 -2.245 -0.150  1.648  1.298  0.662 -0.970
25   0 -0.011  0.255 -0.131  0.693  1.027  0.560  1.161  0.543  0.588 -1.666 -0.828  0.084 -1.138  0.143 -0.150
26   1 -0.707 -1.682 -1.323  0.048 -1.202 -0.103 -0.208 -1.223  1.316  0.291  0.066  0.142  0.492  8.388  0.388
27   1  1.200  1.078 -0.710 -0.708 -0.124  0.547  0.435 -0.472  0.332 -0.308 -1.728 -1.433 -0.051  1.153 -0.278
28   1  0.259 -0.059 -0.497 -0.011 -1.039 -0.984 -0.831 -1.151  0.507 -0.094  0.135  2.407  1.257  1.368 -1.225
29   1  0.824  1.348  1.209  1.398  1.217  1.011  0.659  0.551  0.833 -0.269 -0.143  0.236 -0.165  1.418 -1.628
30   1  1.424  0.365  0.678  1.240 -1.709  0.959  0.916  0.802  0.996  0.051 -0.465  0.431  0.568  0.911 -1.093
31   0  0.461 -0.772  0.209  0.694 -0.509 -0.128 -1.111 -0.583  1.765  0.209 -0.100  0.175 -0.886  0.846  2.221
32   0 -1.586 -0.729 -0.967 -0.299 -0.035 -0.726  0.386 -0.405  0.589  0.082  0.456  1.059  1.208  2.696 -0.304
33   1 -0.765 -0.077 -0.777 -0.396 -1.665 -2.013 -2.553 -3.083  0.117  0.100  0.016 -0.549 -1.051  2.139 -0.913
34   0  0.304 -0.513  0.264  0.839 -0.887 -0.809  0.350  0.120  0.635  0.637 -1.090 -0.009 -0.097  0.730  2.282
35   0  0.486  0.313 -0.454  1.292  2.782  1.047  0.246  0.766  0.511  0.042  0.939  0.912  2.334  1.163  2.962
36   0  0.692 -0.924 -0.044 -0.767 -0.168 -1.231 -0.896 -0.369  0.531  0.076 -0.320 -0.024 -0.830  0.428 -1.363
37   0 -2.179 -0.686 -1.044 -0.424 -0.787 -0.767  0.041 -0.032  0.605  0.974  0.860 -0.900 -1.261  1.590  0.237
38   0 -0.866  0.795 -1.499 -1.319 -0.677 -1.125 -1.254 -0.148  0.819  2.345  1.367 -0.004 -0.569  0.207 -1.004
39   0 -0.050  0.135  0.152 -0.322  0.207 -0.250  0.663  0.333  0.569 -1.698 -1.825  0.254  0.029  0.302 -1.914
40   0  0.656  0.946  0.237  0.216 -0.605  0.516 -0.256  0.259  1.124 -0.601  0.050  1.463  0.243  0.842  0.185
41   1  0.902 -0.556 -0.894  0.073  0.103  0.496  0.065  0.208  1.947 -0.372 -0.495  1.193  1.244  2.301  1.412
42   1 -0.878 -0.191 -1.035 -0.302 -0.437  0.760 -0.798 -1.144  0.523 -0.246 -1.022  0.679  0.039  0.686  0.142
43   1 -1.245 -1.311  0.064 -0.957  0.062  0.032 -0.064 -0.330  1.278  0.090  0.042 -1.223 -1.286  0.568 -0.292
44   0  0.560  1.453  1.154  0.369  0.587  1.065  0.332 -0.906  0.201 -0.627 -1.120 -1.874 -0.336  1.877 -0.471
45   1 -0.059 -1.386 -1.190 -0.048  1.435  0.203  1.353  0.548  4.565  1.265  0.932 -0.723 -1.148  0.456 -0.823
46   0 -0.298 -1.609  0.689 -0.242  0.015  0.407 -1.299 -1.212  1.424  0.263  1.738  1.452  0.570  3.234  0.042
47   0  1.193  0.908 -1.084  0.550  1.187  1.942  0.180 -0.787  1.791  0.026  0.267  0.738 -0.295  0.315  1.120
48   1  0.590 -1.062  0.788  0.458  1.204  1.261  2.647  0.624  4.514  1.756  0.132  0.522  0.261  5.828  2.127
49   0  1.949 -0.212 -0.819 -0.081 -1.299 -1.547  0.450  0.662  4.024 -0.570  0.216  1.454  0.791  1.318  0.726
50   1 -1.341 -0.487 -0.487 -0.371  0.664  0.493  0.164 -0.049  0.478 -1.059 -0.810  0.612 -0.496  2.399  0.221
51   0 -0.519  1.247  0.667  0.522 -0.130 -1.290 -0.501 -0.675  0.195 -1.580 -0.071  0.927 -0.109  2.344 -1.484
52   0  1.362  0.350 -0.186  0.116  0.572 -0.915  0.154  0.492  0.739  0.446 -0.771 -1.834 -1.547  0.191 -1.388
53   0 -0.198  0.495 -0.524 -0.051  0.272 -1.411 -2.089 -0.996  0.355 -0.869 -0.832  0.119  0.818  0.964 -0.745
54   1  1.952  0.022  0.941  0.396  0.049  1.837  1.028  0.888  2.759  0.940 -0.557 -0.877 -0.222  1.476 -0.337
55   0  0.158  0.854  0.298  0.113 -0.887  1.081  0.729  0.863  0.628  0.192  0.103  0.482 -0.307  2.024 -1.324
56   0 -0.195  1.016 -0.331 -0.559 -1.044 -1.794 -0.062 -0.083  1.697 -0.369 -0.093  0.558  0.714  1.788 -1.244
57   0  0.030  0.529  1.121  0.654 -0.055 -0.960 -2.437 -1.381  0.168 -0.278 -0.393 -1.732  0.140  1.635  0.374
58   1 -1.745 -1.301 -0.464 -0.057 -0.302  0.749  0.482  2.236  2.116  1.749 -0.086 -0.347 -1.192  0.313 -2.037
59   1 -0.555  0.428  0.821  0.178  0.717 -0.738  1.130 -1.476  0.156 -1.067  0.829  0.960  0.713  3.888  0.314
60   1 -0.166 -0.468  0.598  0.276  0.435  0.824  1.488  1.675  1.966  0.712  1.204  0.063  0.005  0.690 -0.929
61   1 -0.541  0.137 -0.502 -0.686 -2.319 -2.721 -1.946  0.157  0.386 -3.890 -1.391 -0.912 -1.719  1.628  1.170
62   0  0.625  0.911  0.542  0.640  0.223 -0.637  0.653 -0.548  6.824  1.354  0.663  0.115  0.388  2.836  2.200
63   0 -0.738  2.043 -0.139 -0.295 -0.504 -0.916 -0.366 -1.057  0.419 -0.708 -1.458  0.394 -0.187  1.334 -0.850
64   1  0.181  0.054  0.150  0.576 -0.206  1.101  0.433 -1.105  0.251 -1.430  0.474 -0.391  0.768  8.004  1.262
65   0  1.674  0.550  0.107  0.254  0.229 -1.107 -1.128 -0.312  1.358  1.717  0.787 -1.095 -0.238  1.942  0.991
66   0 -0.001 -0.957 -0.222  0.668  0.171  2.142  2.248  0.406  0.648 -0.526 -1.078 -0.472 -1.196  0.712  1.460
67   1 -1.593 -0.059 -0.734 -0.449  0.112  0.498  1.030  0.514  0.724 -1.175 -0.561  0.718  0.809  0.354 -2.449
68   0 -0.256  1.133 -0.533 -0.205 -0.194  0.194 -0.614  0.827  1.180 -0.852 -0.788  0.477 -1.422  0.317  1.199
69   0 -0.286  1.347  1.436  0.260 -0.847 -1.104  0.407 -0.841  0.531 -0.360 -0.101 -1.252 -2.724  1.149  0.219
70   1  2.280  2.330  1.693  0.731  0.985  0.730  2.124  0.011  1.458 -0.613 -1.061 -1.154 -0.690  0.341  0.764
71   1 -1.019 -1.981  0.083 -0.623  0.738  1.045  0.201  0.694  3.453  0.218 -0.601 -1.146 -0.404  1.552 -1.112
72   0  0.009  0.728  0.373  1.462  0.015 -0.595 -1.174 -0.957  0.656 -0.310  0.210  0.757 -0.596  1.327 -0.770
73   1 -0.202 -0.065  0.669  0.205  2.249  1.378  0.043 -0.006  0.163 -1.316 -1.014 -0.517  0.841  1.085 -0.292
74   1  0.432  0.134 -1.764 -0.316 -0.901  0.205  1.665  1.515  2.461  0.137 -0.547 -0.136  0.910  0.570  0.911
75   1 -1.082 -1.235  1.340 -0.514 -0.499 -1.094 -0.984 -1.033  0.307 -1.547 -1.113 -0.078  1.197  0.594 -0.815
76   1 -1.305 -1.079 -1.674 -0.459 -0.437  1.497 -0.824 -0.702  0.253 -1.131 -0.177  0.270  0.418  3.642 -0.552
77   0  0.133 -0.514  0.282 -0.302 -0.622 -0.851 -2.482 -2.144  0.557  0.520 -0.399 -1.068 -0.381  1.800  1.536
78   1  1.171 -0.110 -0.013  0.427  0.137  0.228  0.073 -0.313  0.761 -1.231  0.587 -0.427 -0.418  1.144 -0.446
79   0 -0.121 -0.847 -0.413 -0.117 -2.977 -1.602 -2.888 -0.751  1.082 -1.197 -0.962 -1.270 -1.907  0.242 -0.040
80   1  0.190 -0.609 -0.525 -1.007 -0.965 -1.595 -1.344  0.252  0.347  1.576  0.350  2.133  1.205  8.458  2.346
81   1  0.961 -0.588  0.820 -0.083 -0.336  0.147 -0.697 -2.294  0.364 -1.207 -1.154 -1.067  0.754  0.295 -0.252
82   1  0.290  1.151  0.378  0.175  0.569  0.083 -0.185  0.984  1.568  1.541  1.516  0.094  1.134  3.237  1.032
83   0  0.139 -0.309 -0.638 -0.714 -0.740 -0.610  0.774 -0.066  0.507  0.116 -0.805 -0.821 -0.345  2.088  1.104
84   0  1.280  0.598 -1.142  0.161 -0.753 -0.145  0.469  1.314  0.942  0.253 -0.157 -0.484  0.838  1.877  0.657
85   0  0.719  0.289  1.383  0.650 -0.346 -0.928 -0.110 -1.198  0.390  0.037  0.535  0.567  1.141  1.844 -0.568
86   1 -0.076 -0.781 -0.119  0.360 -1.003 -0.708 -0.179  1.402 11.036  1.423 -0.829  0.222 -0.117  0.508  0.215
87   0 -0.745 -0.038  0.112 -0.488 -1.776 -0.317 -0.461 -0.150  0.306 -1.446 -1.882 -1.762 -0.478  0.979  0.705
88   0  1.855  1.481  0.436 -0.162 -1.322  0.821  2.195  1.017  1.191 -1.053 -0.999 -0.812 -1.419  0.541 -2.380
89   1  0.041  0.635 -0.168 -0.064 -0.492 -0.222 -1.343  0.582  1.072 -0.379  0.671 -0.439  0.706  1.757  1.415
90   0 -0.204  0.234 -0.239 -0.629 -1.071 -1.124 -0.351 -0.662  1.455 -0.008  0.589  0.739  0.147  0.416 -0.526
91   1 -0.241 -0.317  0.568 -0.600  0.368  0.500 -0.805 -0.588  0.769 -0.641  0.465 -0.289 -0.953  0.319  0.166
92   0 -1.070  0.174 -1.396 -1.251 -0.543 -0.261 -0.190 -0.691  0.173 -0.681 -0.195 -1.665  1.120  0.963 -0.729
93   1 -1.215  0.309  0.247 -0.249  0.027 -0.341 -0.682 -1.002  1.498  0.573 -0.790 -1.223  0.986  3.165  1.428
94   1  0.408 -0.730 -0.031  0.647  2.061  1.609  1.921  0.206  2.252  0.500 -0.965 -2.381 -1.726  0.326 -0.152
95   1 -0.178  2.507  1.166  0.740  1.082 -0.415  0.600  0.334  0.687  0.879  0.766  0.012 -1.044  0.929  0.027
96   0  0.775 -0.740  0.501  0.345  1.111  0.363  0.759  0.555  0.458 -1.381 -0.450  0.852  1.876  6.154  0.413
97   0 -0.755 -0.393  0.214 -0.359 -0.369  1.137 -0.534  0.057  1.341  0.464  0.578  1.171  1.271 11.682  2.514
98   1 -0.375 -0.813  0.247 -0.170  0.357 -0.657 -0.082  0.633  3.084  0.007  0.652  1.075  1.425  3.074  1.157
99   1  1.251  0.802 -0.589 -0.310  0.129 -1.294  0.138  0.245  3.388  1.045  0.055  2.014  1.395  1.136 -0.367
100  0  0.656  0.303  0.664  0.578 -0.621  0.069  0.571 -0.067  1.008 -1.065 -0.248  1.017  0.914  5.838  0.811
101  1 -1.422 -1.284  0.154 -0.457 -1.801 -0.180 -0.787  0.284  3.033  0.513  1.200  1.370  2.766  0.897  0.054
102  1 -1.452 -0.305 -0.515 -0.661 -0.836 -1.469 -1.224 -0.422  0.825  1.635  0.910  0.196  0.005  1.230 -1.231
103  1  1.256  0.152 -1.329 -0.357 -0.187 -0.577  0.487  1.952  0.687  0.056  0.153  0.288 -0.072  2.660  0.178
104  0  0.090  1.678  0.899 -0.086 -0.864 -0.960  2.175  0.059  0.709  0.305 -0.078 -2.095  0.586  1.283 -0.043
105  0 -0.457 -0.808  0.145  0.107  0.467 -0.374 -1.637 -0.730  1.328 -0.261 -1.083 -0.815 -1.644  2.198  0.040
106  0 -0.721 -1.650 -1.505 -0.504 -1.008  0.778  0.555 -0.334  0.933 -0.858 -0.721 -0.348  0.598  0.121 -1.711
107  0 -0.968 -1.559 -1.234 -0.443 -0.667 -0.033  0.655 -0.712  2.858  0.161 -0.498  0.375  0.593  0.245  0.190
108  1  0.610  0.715  0.028 -0.041  0.840 -0.203 -1.218 -1.174  1.390  0.691 -0.371 -0.359 -0.459  0.112 -0.799
109  0 -0.309 -0.385 -0.007 -0.398 -1.135 -1.263 -0.808 -1.630  0.744  0.558  1.077  0.497 -0.335  1.285  0.856
110  1  0.221 -0.836 -1.685  0.388  1.023  1.625  0.462 -0.108  1.194 -0.840 -0.284  0.259  1.175  0.932 -0.957
111  1 -0.066 -0.597  0.503  0.672 -0.613 -0.656 -1.175 -0.283  2.243  0.088  1.053  1.216  0.513  1.014 -1.338
112  0 -0.761  0.607  0.575 -0.408 -0.121 -0.623  0.182  1.383  6.031  0.863  1.043  1.291  0.005 12.193  2.865
113  0 -1.150  1.067  0.953  0.426  1.077  1.468  0.420  0.566  1.906  0.202  0.351 -1.358 -1.191  0.521 -1.068
114  1 -1.426 -1.948 -2.222 -1.537  1.107  2.326  3.083  1.319  1.655  0.840  1.164  0.099 -1.420  0.914 -0.047
115  1 -0.133 -1.839 -1.207 -0.769 -2.249 -2.349 -1.875 -1.522  1.265  1.016  0.095  1.886  0.332  5.202  0.999
116  0 -0.601  0.295  1.215  0.255  0.917  0.398  1.906  0.248  3.102  1.296  1.362  0.303 -0.084  0.763  0.945
117  0 -0.767 -0.023 -0.792 -1.238 -0.501  0.302  0.927 -0.568  1.647  1.029  0.379 -0.262 -0.236  1.168 -0.831
118  1 -0.158  0.114 -0.008  0.557  0.483  0.957  1.482  1.324  1.385 -0.514 -0.943 -1.410 -1.943  0.740  1.001
119  1  1.494  1.507  1.344 -0.424 -0.829 -0.001  0.439  0.343  1.439 -0.406  0.079  0.556 -0.140  0.779  0.112
120  1 -2.797  0.747  1.722 -0.688  0.591  0.481  2.425  2.158  3.145  2.025  1.419  2.037  1.375  1.199 -0.383
121  1 -0.408 -0.415 -0.302  0.106  0.168 -0.948  0.098 -0.363  0.955 -0.613  0.389  0.448  1.854  0.404  0.406
122  0  0.176  1.548  0.881 -0.180 -1.162 -2.003 -1.369 -1.167  2.000  1.632  1.409  1.007 -0.465  0.990 -0.059
123  0  1.989  0.108  0.371  0.756  0.681  1.180  2.071  2.838  4.420 -0.551  0.077 -0.540 -0.164  0.987 -0.987
124  1  0.913  0.332  0.666  0.557  0.158 -0.090  0.684  0.025  0.513 -1.217  0.041  0.760  0.154  5.468  2.080
125  1 -0.918 -0.733  1.101 -0.442  0.538  0.993  0.595  0.432  2.472  0.425  1.439  2.178  0.926 14.164  1.538
126  0  1.637  0.487  0.459  1.156  2.051  0.936  0.124 -0.557  0.238  0.237 -1.053 -0.825  0.310  3.608  0.642
127  1  0.350  0.570  1.289  1.129  1.477  1.199 -0.927 -0.573  0.256 -0.435  0.006 -0.851  1.155  0.223 -1.879
128  1 -0.848 -1.911 -1.419 -1.380  1.000  0.406 -1.398 -0.116  1.107  0.442  0.252 -0.030 -0.556  0.764 -1.662
129  1  0.667  0.935 -0.100  1.119  1.062 -0.105 -1.463 -0.956  0.885 -0.148 -0.116 -0.572 -0.916  1.215  0.000
130  0 -3.425 -1.198  0.719 -1.352 -0.248 -1.782 -0.329 -1.548  0.100 -0.982  0.646  1.047  0.694  5.750  2.040
131  0 -2.273 -1.814  0.641 -0.517  1.943  1.066  0.657  0.352  0.713  0.802 -0.190 -2.402 -1.658  0.830  1.749
132  0  0.387  0.244 -0.365 -0.123 -0.350  0.664  0.571 -0.160  0.264 -0.646  0.203 -0.463 -0.280  0.426 -0.414
133  1 -0.398  0.735  1.197  0.203 -0.276  1.987  0.116  0.476  2.151 -0.443 -0.087  0.491  0.316  1.338  0.299
134  0  0.063 -0.676 -0.821  0.121  0.623  0.949  1.315  1.212  1.705 -0.594 -1.041 -1.562 -1.204  0.333 -1.513
135  0 -0.763 -1.325 -0.153 -0.648 -0.540 -1.473 -1.681 -1.630  1.083  0.520  0.530  0.642 -0.713  2.184  0.921
136  0  2.050  0.335 -0.500  0.702 -0.884 -0.024 -1.538 -2.703  0.127  0.281 -1.097 -1.165  1.111  0.681  1.571
137  1  1.172  0.024  0.478  0.483  0.486 -0.378  0.858  0.583  1.884 -0.195 -0.771 -0.043 -0.566  1.910 -0.316
138  0 -1.143  1.495  1.721  0.333  0.486  0.851 -0.503  0.306  5.922 -0.644 -1.262  0.252  1.995  1.254  0.022
139  0 -0.207 -0.241  0.081 -1.543 -1.943 -3.370 -1.636 -1.672  0.416 -0.622 -0.444  0.094 -1.458  0.548 -1.457
140  1  0.457  2.053  0.740  0.520  1.282  0.929 -0.571 -1.169  0.284 -2.596  0.261 -0.401 -2.077  0.117 -0.866
141  1  0.700 -0.464 -1.225  0.020 -1.012  1.545  1.855  0.838  5.238  0.601 -0.114 -1.202  1.834  3.303  0.815
142  1  0.775 -1.280 -0.900  0.097  0.150 -1.373 -1.805 -0.061  0.779 -0.974 -0.809 -2.260 -1.442  0.294  0.353
143  0 -1.246  0.200 -1.878 -1.023 -1.218  0.104  0.775  0.469  2.759 -0.345  1.219  1.979  0.416  3.590 -0.348
144  0 -1.021 -1.352 -0.878 -0.820 -0.167 -0.662 -0.110  1.508  6.972  1.432  1.871  2.585  0.097  0.759 -0.376
145  1 -1.356 -1.676 -0.851 -0.942  0.590 -0.243 -0.256 -0.478  0.158 -0.444 -0.529 -0.818  0.704  1.135  0.216
146  0  1.453  0.366  0.770  1.882 -0.079  0.506 -0.473 -0.992  0.356 -0.007  1.030 -1.083 -2.032  0.139 -0.400
147  0  0.372 -0.096  0.310  1.000  0.938  1.616 -0.117  0.467  1.194  0.378  0.346  0.111 -0.271  0.185 -0.391
148  1 -0.117  0.739  0.739 -0.874 -0.160  0.252  0.254  0.366  0.411 -0.502 -1.066  0.278  1.060  1.331  0.878
149  0 -1.884 -1.508  0.611 -0.655 -0.329  0.017  0.336  1.387  1.783 -0.459 -0.627 -0.608 -0.649  1.240  1.450
150  1  0.901  0.019  0.210  0.334 -0.185 -0.353 -1.085 -2.469  0.051 -2.165 -0.640 -0.563 -0.612  2.064  1.475
151  0 -1.206 -1.326  0.175 -0.557 -0.027  1.780  0.894  0.150  0.828  0.670 -0.348 -0.313 -0.929  2.303 -0.574
152  1  1.354  0.855  0.563  1.579  1.854  0.826  0.940  0.182  0.943 -0.806 -1.135 -1.310 -2.522  0.139 -0.806
153  0  1.018  1.883  0.388  0.172 -0.110  0.233 -0.813 -1.189  0.782 -0.630 -0.515 -0.345 -1.485  0.600 -1.126
154  1  0.503  0.728 -0.846 -0.729 -0.347 -0.603 -0.371  0.581  0.142 -1.269 -0.151 -1.285 -1.402  0.230 -0.048
155  1 -1.189 -0.897  0.540 -0.075  0.922  0.249  0.305 -0.964  0.208 -0.702  0.484  1.098  0.768  1.417  0.469
156  1  1.197  0.296 -0.557  0.069 -0.258 -0.255  0.326 -0.703  0.618 -0.543  0.212  0.546  0.217  8.561  2.150
157  1  0.734 -0.301 -1.896  0.113 -0.867 -1.980 -1.549  0.246  2.331 -0.216 -0.674 -0.512  0.853  0.870  0.154
158  0 -0.227  0.880  0.198 -0.503  0.209  0.346 -2.260 -0.012  2.357  1.850  1.358  0.755  0.650  2.649  0.110
159  1 -0.108  1.200 -0.570  0.202  0.428 -0.893  0.278  0.484  3.904  0.429 -2.384 -0.991 -0.867  0.795 -1.151
160  1  1.864  1.234  0.963  0.125 -0.531  0.265 -0.539 -0.014  0.698 -1.141 -0.216  1.049 -0.140  0.362  0.936
161  1  0.720 -0.327  0.108  0.466 -0.640 -0.058  1.760  1.522  6.625  1.588  2.487  1.779 -0.609  2.112 -0.602
162  1  0.212 -0.528 -0.472 -0.554 -1.369 -1.007  0.127 -0.051  1.050 -0.433  0.031 -1.294 -0.724  0.317 -0.808
163  1  0.081 -0.122 -0.821  0.399 -0.674  0.897  1.487 -0.523  0.490 -1.035  0.101 -0.556 -0.671  0.544  0.852
164  1 -0.709 -1.166 -0.383 -0.573 -0.864  1.204 -0.952 -2.060  0.245 -3.207 -2.083 -2.683 -0.834  3.293 -0.397
165  1 -0.864  0.055  0.934  0.532  0.601  1.010  1.340  1.969 23.434 -0.801  0.298  0.160 -0.094  0.319 -0.761
166  1  2.041  0.374  0.990  0.947 -0.708 -0.856 -0.486  0.977  3.488  0.402  1.877  1.480  1.237  1.908 -0.647
167  0 -1.072 -2.026 -1.316 -0.883 -0.528 -0.852 -0.411 -1.809  2.290  1.003 -0.526 -0.253 -0.351  0.496 -0.602
168  1  0.072  1.305  2.053  1.238  1.056  0.680  0.518 -0.140  0.964 -0.547  0.399 -0.094 -0.572  0.929 -0.146
169  1 -1.065  0.216 -0.577 -0.971 -0.523 -1.389 -0.728 -0.256  0.810 -0.515 -0.231  0.002  0.899  2.073  0.349
170  1  0.277  0.415  0.145 -1.179 -1.640 -0.629  0.738  0.964  1.231 -1.257  0.137  1.225  0.802  0.576  0.194
171  1 -0.120  1.150  1.117  0.829 -0.186  0.977  1.616  0.450  0.284 -1.233 -1.459 -1.000 -0.395  3.868  0.817
172  0 -0.411 -0.384  0.420 -1.036 -2.298 -0.382 -1.149  0.531  1.882  2.240 -0.736 -2.244 -0.632  0.068 -0.219
173  1 -0.373 -0.238  0.853  0.383  0.629  0.899 -0.016 -0.169  0.600  0.830  0.226 -0.876 -0.773  0.333  0.176
174  0 -0.080 -1.432 -0.285 -0.221  0.097 -0.983 -0.612  0.443  0.825 -0.749 -0.356 -0.497 -1.377  0.332  0.211
175  0 -0.254  0.178 -0.435 -1.260 -0.476  1.544  0.361  1.499  1.114  0.130 -0.431 -0.492 -0.185  0.986  0.011
176  0 -0.183  0.386 -0.453 -0.897 -0.337 -0.765  0.059  0.887  0.218 -2.275 -0.420 -1.605 -1.930  0.447 -2.391
177  1  0.568  0.141 -0.400  0.988  0.382 -0.159  1.307  0.218  1.636  0.161  0.580  0.201  1.096  2.754  1.827
178  0  0.612  0.754  0.268 -0.658  0.455 -0.546 -1.324 -0.461  4.318  1.885  1.895  0.962  0.282  9.593  1.981
179  1  0.578  0.156  0.627  0.477  0.693  1.213  0.089 -0.566  0.902  0.083 -1.242 -1.346  0.937  0.439 -0.030
180  1  0.228  0.625 -0.273 -0.110 -0.935 -0.247 -0.627 -0.937  2.182 -0.708 -0.211  1.331  0.904  0.737 -0.630
181  0 -0.279  1.107  0.910  0.561 -0.125  0.220 -0.387  1.120  2.472  0.925  1.100 -0.167 -0.144  0.832 -0.998
182  1  1.419 -0.445 -0.759  0.388 -0.817  0.133 -0.163  0.074  0.180 -1.041 -0.607  0.407 -1.546  0.327 -0.252
183  1  0.179  1.384  2.340  0.963  0.092 -0.222 -0.639  0.386  2.045 -0.477  0.277 -1.668 -1.467  0.673  0.368
184  0 -0.513  1.218  0.848  0.761  2.414  0.135 -0.497 -0.097 10.752  3.112  2.797  1.896 -1.104  0.424 -1.316
185  1  1.321 -0.297  0.184  1.086  1.299  0.733  0.546 -0.346  1.397 -0.077  0.923  0.546 -0.962  0.352  0.379
186  0 -0.350 -1.779 -0.062 -0.565  0.416 -0.390  0.689 -0.406  0.563  1.206  0.917  1.169  1.170  0.213  0.002
187  0 -1.328 -0.925 -0.539  0.425 -0.445 -0.672 -1.460 -2.025  0.723 -0.498 -0.819  0.091  0.144  0.273 -0.144
188  0  0.936 -0.003  0.147  0.228 -0.720  0.431  0.152 -0.572  0.321 -2.305 -2.320 -2.273 -0.392  0.421 -0.675
189  1 -2.366 -1.310 -2.204 -1.635 -0.991 -0.923 -1.412  0.097  0.757 -0.866  0.550  0.475  1.289  2.384  0.134
190  0  0.297  0.973 -0.578 -0.392  0.934  0.733  0.804 -0.392  1.618  0.085 -0.047 -1.084 -1.785  0.216 -0.373
191  0 -0.506 -0.004  2.162  0.737  1.218  2.061  2.308  1.471  2.595  0.302 -0.147 -1.106 -1.403  0.220  0.848
192  0 -1.513 -0.004  0.577 -0.567 -0.666  0.048 -0.779  0.397  4.071  0.188 -1.352 -0.642 -0.509  1.802  0.951
193  0  0.645  1.005  1.553  0.624  0.888 -0.434 -0.211 -0.021  0.399 -1.305 -0.941 -0.468 -0.505  0.711  1.027
194  1  2.141  0.834 -1.704  0.331 -2.109 -2.434  0.699  0.343  0.375  0.612 -0.815 -1.293 -0.735  0.462 -0.287
195  0  1.428  0.277  0.834  0.554 -0.426  1.366  0.852 -0.008  3.069  0.545 -0.722 -0.205 -0.209  1.164  0.505
196  1 -0.466 -0.361  1.189  0.554  0.604 -0.715  0.705  0.852  1.695  1.567  0.393 -1.036 -1.051  0.371  0.165
197  0 -0.637  0.596 -0.465 -0.246 -0.012  0.487 -0.112 -0.668  1.527 -0.490 -2.474 -1.370 -1.174  0.311 -1.128
198  1  1.179  0.709 -0.421 -0.397  0.190  0.973  0.640  1.239  7.349  1.630  1.572  0.339 -0.382  2.348  1.245
199  1  0.884 -0.453  0.373 -0.637 -0.156 -1.539  0.012  0.148  0.283 -1.855 -0.682 -0.345  1.035  0.718 -0.888
200  0 -0.358 -0.082 -1.423 -0.867  0.941  1.874  1.319  0.437  1.154  1.743  0.664 -0.753 -0.459  0.435  0.529
201  1 -0.085  0.850  0.043 -0.959  0.932  0.377 -0.681 -0.536  1.393 -0.088 -1.472 -0.672  0.619  0.415  0.222
202  1 -0.017 -0.091  1.161 -0.670 -1.227 -1.384  0.112  0.664  0.240 -0.841  0.385 -1.169 -1.369  0.188 -0.410
203  0 -1.893 -2.233 -0.395 -1.617 -1.931 -0.802  0.102 -0.924  0.356  0.732 -0.043 -0.481 -0.390  1.120  0.193
204  0  1.836  0.774  1.281  0.295  0.015  0.402 -0.804 -1.365  0.827 -0.501 -0.241 -1.767 -1.150  0.213  0.630
205  1  0.717  0.624  0.180  0.692  0.393  0.452 -0.431 -0.228  0.444 -0.355 -0.489 -0.397 -1.034  0.258 -2.234
206  0  1.070  2.159  1.710  1.108 -0.008 -0.759 -0.929  1.742  3.477 -0.096 -1.211 -1.206  0.246  0.469  1.598
207  1 -0.612 -0.353  0.527 -0.204  1.611  0.447  0.732 -0.169  0.314 -0.079 -1.429 -0.678 -1.367  0.332 -0.934
208  1 -0.163  1.436  1.346 -0.230 -0.080 -1.553 -0.698  0.294  0.833 -0.222 -0.145 -0.473  0.266  0.465 -0.528
209  1 -1.285 -0.899  0.235 -0.094  0.956  0.352 -0.215  0.826  3.977  1.394  0.363  0.738  0.913  3.915  1.040
210  0 -1.383 -0.760 -0.776 -0.030 -1.644  0.374 -1.311  1.257  0.797  0.356  0.271  0.252 -0.148  0.254 -1.226
211  0  0.209 -0.178 -0.051 -1.193 -1.320 -0.705  0.510 -0.485  0.244 -0.661 -0.002  0.031 -0.418  0.524  0.790
212  1 -0.133 -0.669  1.347  1.224  2.863  1.251  1.174  0.571  1.485 -0.012  0.578 -0.095 -0.355  3.456  1.289
213  0  0.455  1.526 -0.174 -0.410 -1.280 -1.202 -0.784 -0.766  0.739 -1.066  0.835  0.623  1.160  5.540 -0.236
214  0  0.796  0.542  0.702  1.159  0.971  0.687  0.288  0.724  3.102 -0.291 -0.625  0.612  0.361  0.652  0.354
215  0  0.738  0.080  1.047 -0.488  0.035 -1.728  0.024  0.768  0.852  0.952 -1.399 -1.595 -0.518  0.841  0.332
216  0 -0.006 -0.516 -0.616  0.487 -1.216 -1.036  0.089 -0.117  3.806 -0.267 -0.727 -1.759 -0.292  0.717  1.166
217  1  0.297 -0.363 -0.735  0.310 -2.583 -1.308 -0.132  0.511  1.189 -0.375  1.294  0.984 -0.063  1.158  0.623
218  1  0.596  0.379  1.132  0.729 -0.036 -0.813 -1.245 -1.484  0.507  0.652  1.795  2.161  1.772  2.168  0.986
219  1  0.948 -0.442 -0.641 -0.118 -2.051  0.097  0.616 -0.317  0.292 -0.507 -0.070  0.778  0.581  0.355  0.543
220  1 -0.061 -0.372 -1.055 -0.581 -0.380 -0.208  1.151 -0.294  0.552 -0.512 -0.370 -0.940 -0.308  0.083 -1.184
221  1  0.832  1.311  0.634  1.482  1.218  0.477 -0.453 -0.680  2.167  0.181 -0.861 -0.912 -3.243  0.195 -0.606
222  1  0.896  1.160  1.322  0.453  1.215  0.438 -0.377  0.182  1.483  1.308 -0.037 -0.406 -0.371  0.812 -1.225
223  1  1.256  1.299  0.261  0.094  0.136 -1.036 -1.303 -1.631  0.473 -0.511  1.055  1.575  0.469  1.313  0.007
224  1  1.172  1.097  0.145  1.339  3.627  3.253 -0.112  0.679  1.062  1.535  1.363  1.020 -0.066  0.782  0.649
225  1 -1.421 -0.259  2.112 -0.101 -0.560  0.268  1.360  1.430  4.104 -0.822 -0.209  0.970  0.247  0.635 -2.606
226  1 -0.310 -0.165 -0.808 -0.784 -2.805 -2.149  0.288  0.343  0.988  3.158  2.030  1.106  1.890  5.829 -0.121
227  1  1.076 -1.352 -1.244 -0.988 -1.604 -0.333  0.982  1.278  9.131  2.046  1.539 -0.623 -0.172  1.412  0.161
228  1  0.469 -0.861  1.172  0.563  1.049  0.574  1.123  0.796  0.920 -1.850  0.240 -1.132 -1.027  0.392 -0.395
229  1 -0.118  1.327 -0.127 -0.204 -0.895  0.588 -0.505  2.061  2.929  0.778 -1.158 -0.624 -0.952  0.163 -0.218
230  0  2.154  0.375  0.308  0.554  0.519 -0.009 -1.065 -0.851  0.158 -0.641 -0.390 -0.795 -0.476  0.209 -1.462
231  0  1.493  0.397  1.374  1.615  1.831  1.658  1.896  0.097  1.242  1.559  0.653  0.625 -1.257  0.302 -0.803
232  0 -0.503  0.350  0.818  0.268  1.021  0.642  0.848  0.344  0.304 -0.967 -0.288 -1.116  0.038  0.315 -0.453
233  1 -0.315 -0.315  0.307 -0.328 -1.100 -2.017 -1.090  0.770  1.046 -0.968 -1.011  1.010  0.197  1.059 -0.360
234  0 -0.325  1.596  0.784  0.180  1.154  1.644  2.068  1.712  3.949  1.141 -0.821 -0.074  2.000  1.060  0.178
235  1  0.135 -0.172 -0.346 -0.300 -0.555  0.674  0.579  0.424  1.183 -1.359  0.152 -1.016  0.077  1.742  0.594
236  1 -0.886  0.479  0.167 -0.363 -0.273 -1.387 -1.687 -0.100  0.929 -0.431 -0.284  0.210  1.135  0.655 -0.870
237  1 -1.290 -1.226 -2.238 -0.309  1.354  1.506  0.538 -0.616  0.971 -1.539 -0.125  0.651  0.035  1.304  1.198
238  1 -0.604 -2.147  0.769 -0.228 -1.733 -0.404 -0.242 -0.400  1.044 -0.228  1.164  1.571  0.230  1.668  0.589
239  1  0.558  0.198 -1.274 -0.584 -0.900 -0.192  1.795  0.532  1.682 -1.236  1.599  0.384  0.334  0.742 -0.456
240  1  1.888  1.936  0.665  0.995 -0.342  0.423  2.033 -0.213  2.158 -0.277  0.290  1.390  1.071  3.482  0.542
241  1 -1.115 -0.734 -0.386 -0.328 -1.904 -1.549 -1.674 -0.964  1.919  0.552  0.900  1.195  0.271  0.533 -0.649
242  0 -0.623  1.579  0.873  0.786  1.677  0.666  2.872  2.539  1.359  1.104  0.430  1.114 -1.349  0.031 -0.108
243  1  1.883  0.714 -0.133  0.750 -0.171  0.299  0.854  0.540  1.177 -0.361  0.799  0.116 -0.482  1.080 -1.181
244  0  0.029 -1.170 -0.685 -0.244 -0.978 -0.697 -0.896  0.208  1.141  1.252  0.103  0.473  1.705  1.074  0.430
245  0  0.663  1.832  1.027  0.662  0.882 -0.188 -1.312 -1.486  1.011  0.486 -0.344  1.074  0.384  6.241  1.181
246  1 -1.072  0.514  0.350  0.632 -0.011 -1.000  0.498  0.501  0.974 -0.020  0.368  1.222  0.723 10.430  3.211
247  1 -1.530 -1.353 -1.452 -1.815 -2.563 -1.302  0.627  0.824  3.138  1.305  1.038  0.682  0.204  1.589 -0.288
248  1 -0.435  0.103 -1.900 -1.292 -1.130  0.551  0.167 -0.869  0.226 -1.878  0.142  0.673 -0.197  3.391  1.040
249  0  0.424  0.996  2.160  0.790 -0.519 -0.256 -0.060  0.213  1.248 -0.451  0.714  0.239  0.614  1.326  0.023
250  1 -0.081 -1.383 -1.293 -0.634  1.090 -1.025  0.588  0.502  0.313  0.590  0.546  1.133  1.202  1.764 -2.686
251  0 -2.284  1.649 -0.569 -1.011 -1.223 -0.849 -0.831  0.830  2.289  1.733  1.670  0.644  1.639  5.181  1.998
252  0 -0.353  0.995  0.688 -0.128  1.155  2.001  0.730  0.954  1.007  0.406  0.915 -0.535 -0.430  0.278 -0.978
253  0  0.246  0.005 -0.380  0.353 -0.729  0.175 -1.682 -1.364  0.230 -0.174  0.133  0.155  2.069  1.409 -0.064
254  1 -0.547  0.143 -0.474  0.754  0.141  0.298 -0.734 -0.177  5.285  1.726  1.182  0.462 -1.501  0.598  0.140
255  0  0.760  1.271  1.547 -0.133 -0.566 -0.414  0.515  0.492  3.507  1.425 -0.876 -1.139  0.394  0.518 -0.121
256  1  0.791  0.900  1.802  1.427 -1.778 -0.021 -0.490 -1.430  0.834 -0.332 -0.263 -0.645 -2.506  0.227 -0.208
257  0  0.270  0.089  0.232  0.582  1.065 -0.180  0.385  0.875  1.856  0.279  0.242  2.221  1.791  0.591  0.623
258  1 -0.102 -0.367  1.756 -0.646  0.335 -0.213 -0.379 -0.159  0.721  1.655  2.759  1.798  2.233  4.652  1.000
259  0  0.142 -0.117  0.314  0.086  0.000  1.203 -0.736 -0.687  0.472 -1.084 -0.926  0.036 -0.747  0.930 -0.154
260  1 -0.516 -1.528  1.011 -0.639 -0.536  0.757 -1.491 -2.607  0.313 -0.793 -1.679 -1.334 -1.584  1.565 -0.014
261  1  0.805  1.480  0.886 -0.125 -0.515 -1.278 -1.223 -0.557  0.237 -0.497 -0.119 -0.430 -0.235  0.467  0.291
262  1  0.106 -0.187  1.087  1.347  1.176  0.310 -1.445 -1.545  0.671 -0.769 -1.342 -1.228 -0.018  0.571 -0.059
263  0  1.926  1.420 -0.639 -0.025 -1.416 -0.493  0.369  0.138  0.592 -1.312 -1.105  0.045 -0.859  0.125 -0.301
264  1 -0.162  2.196  1.946  0.279 -0.824  0.767 -0.100 -1.566  0.186 -1.559 -0.641 -0.186 -0.642  1.155 -0.767
265  1  0.234 -0.462  0.020  0.488 -0.193 -0.185 -0.016  0.060  0.714  0.853  1.450  0.741  1.516  3.242 -0.452
266  1  0.103  0.381  1.254  0.469 -1.082 -0.773 -1.588 -0.539  0.550 -2.175 -2.091 -0.062 -0.524  0.330  0.744
267  1 -0.577 -0.944 -0.250 -0.263 -1.072 -1.670 -0.516 -1.100  0.711  1.031  1.216  0.583 -0.118  1.821  1.202
268  1  0.382 -0.006  0.530  1.123  1.985 -0.364 -0.633 -0.688  0.608  0.057  0.242  0.101  1.679  4.891 -0.376
269  1  0.766  3.167  1.566 -0.368 -1.774 -2.010 -1.540 -1.241  0.495 -1.119 -0.874 -0.969 -0.055  0.945  0.383
270  1 -0.704  0.296  0.823  0.467  0.796  1.365 -0.389  1.837  5.580  0.038 -0.439 -0.879 -0.612  0.463  0.135
271  1  0.706 -0.233 -1.788 -0.979 -1.593 -0.679 -1.359  0.835  1.208  0.297  1.107  0.552  1.074  1.172  0.157
272  1 -1.384  0.784  0.348 -0.151 -0.103 -0.555 -0.307  0.685  1.303 -0.957 -1.183 -2.349 -0.024  2.829 -1.166
273  0 -1.086  0.114  0.315  0.916  1.987 -0.035  0.013 -1.535  0.158 -1.388  1.369 -0.562 -0.486  0.282 -0.010
274  1  0.279  1.354  1.446  0.405 -0.101  0.068  0.738  0.769  1.701  1.398 -1.260 -1.046 -1.048  0.305  1.138
275  0  0.931 -1.512 -0.798  0.257 -1.190  0.286 -0.789  1.032  0.262 -1.815 -0.789 -0.063 -0.237  0.684 -0.480
276  0  0.220  0.197 -0.678  0.058 -0.326 -0.775  0.047  0.932  4.155 -0.307 -0.357  1.190 -0.760  0.183 -1.102
277  1  0.988 -0.017  0.205  1.106  0.182 -0.481  0.660  1.012  1.867  1.600  0.547  0.661 -1.580  0.327 -2.447
278  1 -1.744 -1.794 -0.055 -0.243  0.754  0.482  0.870  0.056  0.853 -1.006 -0.197 -0.121 -1.331  0.493 -0.454
279  1 -1.144 -1.727 -0.062 -0.281 -0.494  0.361  0.872  1.259  4.470  0.892 -1.062  1.073  1.410  1.377  0.509
280  0  0.443 -1.145  0.200  0.687  0.220  0.165 -0.108 -1.111  0.753 -1.026 -1.489 -0.881  0.574 11.627  0.655
281  1 -1.766  0.276 -0.871 -1.346  0.960  1.529 -0.128  0.129  0.517  0.441 -0.410 -0.330 -0.140  6.305  1.477
282  1 -1.296 -0.931 -0.272 -0.458  1.265  1.911  0.313  0.363  0.261 -1.159 -0.361 -0.307  0.041  0.402 -0.504
283  0 -0.247  0.269 -1.514 -1.139 -1.275  0.079  0.060  0.133  0.533  0.426  0.093  0.768 -0.556  0.239  0.725
284  1 -0.923  0.731  0.908  0.161 -1.253 -1.907 -0.849 -0.466  1.400  1.010  1.252  1.344  0.688  2.688 -0.319
285  0 -3.469 -2.172 -1.428 -1.165 -0.104 -0.098 -1.255 -0.987  0.134 -1.876 -2.710 -0.253 -0.066  0.606 -1.057
286  0 -0.804 -1.212 -1.150 -0.625 -0.787  0.332  0.154  0.694  0.311  0.653 -0.844 -0.954 -0.035  0.226 -1.112
287  0  0.477  0.251 -0.484 -0.581 -1.250 -0.245 -0.089 -0.546  0.688  0.526  1.480  1.100 -0.487  1.523  1.097
288  0  0.797  1.205  1.358  1.074 -0.913 -1.440  0.298  0.232  0.543  0.975  1.523  1.202  1.279  2.675  1.152
289  0 -1.158 -0.114 -0.692 -0.366 -1.651 -0.318  0.992  0.232  0.822 -1.550 -0.518  1.720  0.487  3.461  0.055
290  1 -0.991  0.220 -0.834 -1.103 -0.946 -0.203 -0.574 -0.492  0.367 -0.705 -0.673  1.235  0.210  1.718 -1.076
291  0  0.919  0.861  1.490  0.755 -0.633 -0.170  0.483  0.832  0.944 -0.376  0.166  0.723  1.170  1.086  0.944
292  1  0.208  1.284  0.926  0.074 -0.817 -0.326 -1.024  0.103  0.360 -1.153  1.033  0.807  1.352  2.257 -0.006
293  0 -1.420 -0.965  1.048 -0.197  0.994  1.471  0.486  0.754  0.529 -1.146  1.005  0.381  1.475  1.276  0.329
294  0 -0.384 -0.769 -0.503 -0.903 -1.131 -0.326 -1.144  1.388  4.848  0.631  0.788  0.142  0.788  1.723  0.298
295  0  0.287  1.147  1.124  0.337 -1.647 -1.215 -1.394  0.874  4.584  0.766  1.201 -0.063 -0.743  0.336 -1.638
296  1  1.502  1.025  0.338  0.741  1.012 -0.135  0.647  0.655  0.817 -0.140 -0.980 -0.493 -1.033  0.710  1.135
297  1 -1.454 -0.620 -1.269 -0.709  0.075 -0.487 -0.685 -2.172  0.705  0.410 -0.892 -0.434  0.012  1.155 -0.460
298  0 -0.176  0.017  2.114  0.996  0.687 -0.835 -1.441 -0.191  0.060 -2.778 -2.093 -1.171  0.811  1.071 -0.021
299  0  0.065  0.105 -0.902  0.183 -1.481 -0.030 -0.422 -0.673  1.833  0.283 -0.167  0.012  0.439  0.718 -0.982
300  1  0.891 -0.186 -0.617 -0.365  0.444  0.251 -0.810 -2.263  1.117  0.022 -0.031  0.573  0.645  1.445 -0.388
301  0 -0.531 -0.801 -0.109 -0.712 -0.983 -2.104 -0.948 -1.423  0.466 -0.713 -0.362 -1.107 -1.098  0.189  0.922
302  1 -1.964 -1.992 -0.196 -0.676  0.403 -1.263 -2.075 -1.026  0.366 -1.046 -0.299 -0.137  0.768  1.208  0.395
303  0 -0.223  0.496 -1.171  0.827  1.465  0.086  0.941 -0.382  0.816 -0.494 -0.239  0.867 -0.465  2.107  0.555
304  1  0.999 -0.935 -0.993  0.475  0.077  0.190 -0.856 -0.820  0.230 -1.204  0.405  1.354  0.976  0.891 -1.264
305  0 -1.457  0.499  0.983  0.475  0.344 -0.639 -1.036  0.455  0.902  0.840  0.442  0.609  0.148  1.939 -1.122
306  0  0.568  0.147  0.496  1.238  1.095  0.020 -0.365  0.271  0.593  0.039 -0.901 -1.895 -0.286  0.821 -0.404
307  1 -0.874 -1.893 -0.144 -0.457 -0.327 -0.296 -0.005 -0.362  0.607 -1.426 -1.580  0.587  0.441  0.282  0.235
308  1 -0.022 -0.734  0.643  0.206  0.969  0.382  1.216  1.249  5.421  1.935 -0.771  0.574  0.389  2.929  1.105
309  1  0.702  2.180  1.875  1.773  1.767  1.001  0.041 -1.460  6.302  1.290  0.025  0.017 -1.401  0.209 -1.467
310  0 -1.289 -0.674 -0.028 -0.328  0.511  0.829  0.490  1.602  1.427 -1.199 -1.438  0.031 -1.458  0.571  0.736
311  1 -0.360 -1.252  0.611  0.769  0.121 -0.900 -0.688  0.817  0.319  0.599  0.478 -0.296 -0.744  0.560  0.544
312  0  0.347  0.334 -0.407  0.429 -0.624 -1.139 -0.884  0.288  0.507 -0.426  0.018 -1.066  0.249  8.812  1.803
313  0 -1.172 -0.719  0.232 -0.350 -0.148 -0.256  0.672  1.511  0.715 -0.515 -0.889 -1.020 -0.828  0.239 -0.616
314  1  0.085  1.494  1.952  1.451  0.423 -1.108 -0.922 -0.019  1.447  0.059  0.009  0.859  0.203  1.027  1.337
315  0  1.936  0.881  0.049 -0.397 -0.761 -2.070 -1.273 -0.199  0.457 -0.114  0.549  2.567  0.058  2.827  0.286
316  1  2.643  0.913  0.299  0.976 -1.539 -2.574 -1.298 -0.392  0.258 -0.105 -0.955 -1.309 -0.871  0.162 -0.575
317  0  1.431  0.450 -2.077 -1.000 -0.375 -0.689 -0.568 -0.194  4.254  1.028  1.166  2.275  0.857  4.897  2.282
318  1 -0.521 -0.946 -0.986 -0.587  0.777  0.825 -0.432  0.223  2.332  1.275  0.379 -0.083  0.010  0.775 -0.307
319  0  1.135  1.278  0.442  0.157 -0.285 -1.177 -1.696  0.510  1.805  1.730  0.980  0.477  0.663  1.539 -0.050
320  0  1.483 -0.393  0.123  0.750  2.441  2.243  1.253  2.762  5.275  2.174  1.050 -0.459  1.044  3.364  0.606
321  1 -0.267  0.687 -0.485 -0.606  0.222 -0.703  0.069  0.609  1.307 -0.609 -0.894 -1.407 -0.619  0.360 -2.508
322  1  0.610  0.175 -0.338  0.219 -0.387  0.711  0.830  1.166  0.569 -0.449  0.442  0.588  1.072  1.332  0.336
323  0  0.315  1.489  2.325 -0.104  0.505  0.915  1.460  1.849  1.378  1.265  1.600  1.787  2.031  1.569  2.031
324  0  0.096  0.962  0.868  0.964 -0.486 -0.705 -0.508 -0.571  0.427 -1.952 -0.204 -2.047  0.008  2.642  1.097
325  1  0.380  4.007  1.254  1.260  0.722  0.012 -0.312  0.028  0.255 -1.624 -0.402 -0.537  2.134  8.465  1.340
326  1 -1.065  0.155  0.249  0.858  0.490  1.096  0.979  0.948  2.569  0.153 -0.173  1.024  0.603  1.256  0.486
327  0 -0.707 -1.158 -1.470 -0.522 -1.008 -0.616  0.199  1.079  3.899  0.592  0.264  0.698  0.686  7.115  3.605
328  0  0.404 -0.395 -0.537 -0.118  1.086 -0.742 -1.540 -2.277  0.325 -0.213 -0.409 -0.615 -1.358  1.006 -1.138
329  1  1.296  1.986 -0.279 -0.203  0.825  0.912 -0.248  0.285  4.319  0.194 -1.032  0.475 -0.933  0.443  1.508
330  1 -0.392 -0.197  0.155 -0.639 -0.038 -0.502 -0.281  0.036  0.974  0.732  0.072 -0.499 -0.971  0.971  0.620
331  1  0.547  0.785  1.738  0.317  0.323 -0.377 -0.215  0.333  0.603  0.152 -1.005 -0.823 -1.023  1.659 -0.421
332  0 -2.174 -0.811 -0.254  0.005  1.617  0.233  0.900 -0.164  1.560  0.205 -0.222 -0.336 -0.655  0.649 -1.016
333  0  0.278 -0.526 -0.073 -0.233 -1.548 -0.632 -0.471  0.020  0.125 -1.077 -0.645 -1.053 -0.264  0.910  0.361
334  0 -0.438 -0.836 -2.691 -1.091  0.150  0.532  1.636  0.817  1.063 -0.752  0.049 -1.304 -0.293  0.655  1.062
335  0 -0.854  0.173  1.615  0.565  0.017  0.392  0.134  2.309 10.546  2.201  1.237  1.138  0.305  0.284 -1.155
336  1 -0.904 -0.698  1.720  0.291  1.607  1.006  0.125  0.839  1.098 -0.384 -0.448  0.212  0.124  0.545  0.041
337  1 -1.817 -0.385 -0.152 -0.305  1.712  0.491  1.019  0.821  0.131 -2.125  0.923  0.459  0.399  1.897 -0.458
338  1  0.080  0.010  1.495 -0.683  0.341  0.964 -0.017  1.151 11.716  1.278  1.376  1.905  0.718  0.610 -0.141
339  1  0.876 -0.333 -1.712  0.059  2.438  0.421 -0.123 -0.784  2.121  1.641  2.151  1.230  1.438 15.942  1.138
340  0  1.576 -0.104 -0.517  1.372  0.425  0.244  0.462  0.768  0.910 -0.378  0.255  0.203  0.028  0.268 -0.819
341  1 -0.318  0.141  0.403 -1.767  0.618  1.464  0.697  2.005  0.732 -0.397  0.691  0.137  1.125  3.412  1.955
342  0  0.044  1.051  0.073 -0.256  0.292  0.769  0.403 -0.593  0.471  2.263  1.210  1.841  0.935  7.415  2.137
343  0 -0.617  0.930 -0.511  0.197 -1.657 -1.229 -1.286 -0.287  0.384 -0.541 -0.804 -1.413 -0.277  0.467  0.480
344  0 -0.741 -0.162  1.544 -0.286  0.029  0.994 -0.699  0.101  0.759 -0.775 -0.174  0.151 -0.094  0.844 -1.644
345  1 -0.496 -0.895 -0.137 -0.643 -0.266 -0.001 -1.416 -1.266  1.056 -0.405 -1.350 -0.042 -0.961  1.511 -0.472
346  1  1.096  3.381  0.611  1.849  1.131  1.020  1.544 -0.162  0.861 -0.721 -0.652 -1.151 -1.790  0.481  1.132
347  1  1.333  0.364  0.443  0.383  1.161 -1.228 -1.049  0.524  0.777 -1.616 -1.000  0.036  0.603  9.297  1.508
348  1 -1.930 -1.424 -0.832 -0.223 -0.121 -0.365 -0.863  0.597  1.660 -0.812 -1.791 -2.409 -1.227  0.124 -1.157
349  0 -0.958 -0.947  0.281 -0.315  0.118 -0.289  0.214 -0.384  0.290 -1.016 -0.600  0.969  0.862  0.804  0.566
350  0  0.542 -0.161  0.047 -0.326 -1.598 -1.813 -1.156  0.301  1.661  1.265  0.491  1.613  1.710  1.024 -0.717
351  0  1.333  0.808  1.370  1.133 -0.173 -0.929 -2.366 -2.213  0.221 -2.448 -0.587 -0.154  0.037  1.545  1.500
352  1  0.271  0.870 -0.074  0.259 -0.870  0.720  1.273  0.120  2.989 -0.405  0.103  0.799  0.395  0.579  0.264
353  0  0.603  0.536 -1.907 -0.371 -2.062 -1.764 -0.773 -0.692  0.937  0.257 -0.591  0.409  0.337  1.279 -0.505
354  0 -0.992 -1.135 -1.145 -0.745  0.202 -1.748 -2.765 -2.110  0.803 -0.152 -0.051  0.302  0.252  1.190 -0.380
355  0 -0.547 -1.612 -2.793 -0.475 -1.795 -1.666 -1.225 -0.011  1.696  0.494 -0.388  0.444  0.182  0.514 -1.124
356  0  1.495 -0.109  0.215  0.431 -0.425 -0.267 -1.082 -2.120  0.481  0.119 -0.542 -0.108 -0.012  0.572  0.540
357  1  0.152 -1.085 -2.331 -1.225 -1.242  0.264  0.991  0.363  1.916  0.620 -0.346 -1.495 -0.986  0.276 -1.518
358  1  0.456  0.376  0.331  0.006 -0.652 -1.275 -0.729  0.819  2.216 -0.093  0.481  0.978  1.362  2.782  0.342
359  1  0.291 -0.022  1.998  0.600  0.202  0.768  0.774  1.669 20.117  0.312  0.257  1.213 -0.121  0.122 -0.688
360  0 -0.561 -0.702  0.725 -0.175 -0.361  0.050 -1.020  0.617  1.196 -0.024  0.598  0.175  0.939  3.220  0.766
361  0  0.321 -1.205 -1.124 -0.986 -1.425  0.349  0.884  0.524  2.956 -1.746 -0.713 -0.920 -1.247  1.103 -1.100
362  0  1.052 -0.601 -0.993  0.398 -0.462 -0.191  0.640  1.692  2.160  1.317  0.401  1.628  0.414  1.817 -0.079
363  1 -0.567  1.226  1.589  0.154 -0.534 -0.252 -0.121 -0.193  0.334 -0.252 -1.068 -1.505 -1.103  0.102 -1.401
364  1 -0.406 -1.309 -2.198 -0.771  0.477  0.077  0.057  0.856  1.572  1.712  0.521  0.182  0.454  0.853 -0.375
365  1  1.743  1.850  0.730  0.699  1.166 -0.123  0.309  1.731  4.256  0.148 -0.649 -0.891 -1.627  0.248 -0.324
366  0  0.814  0.434  0.911  0.587  0.156 -1.629 -1.857 -1.342  0.533 -0.345  0.715 -0.170 -0.976  1.240  0.798
367  1 -1.714 -2.238 -1.100 -1.383 -0.702 -0.953 -0.634 -1.010  0.711  0.090 -0.807  0.610  1.322  2.190 -0.044
368  1 -1.246 -1.618 -0.006 -0.094  0.431  1.227  0.083 -0.545  0.698 -0.630  0.015 -1.051 -0.766  0.709  0.242
369  1  1.304  0.095 -1.101 -0.025 -2.143 -0.937 -1.409  0.400  1.128  0.600 -0.317  0.591  0.155  0.851  1.618
370  1  0.639  0.156  0.786  0.564 -0.552  0.857 -0.982 -0.866  0.489 -0.051  0.536  0.214  1.360  1.347  0.854
371  1 -0.705  0.764  0.041  0.411  1.268  0.849  0.973  1.789  2.268 -0.208 -0.603 -0.633 -0.469  0.902  0.200
372  0 -0.407 -0.078  0.293 -0.530  0.650  0.857 -0.746 -0.985  1.059 -0.684 -0.106 -0.218  0.901  4.041  1.544
373  0 -0.971  0.642  0.041  1.107 -0.449  0.147 -0.282 -0.423  0.575  0.168 -2.239 -0.899 -0.030  1.250  0.489
374  0  1.138  1.345 -0.106  0.030  0.427  1.357 -0.467  0.032  0.605  0.091 -0.215 -1.409  0.639  0.225 -1.450
375  1 -1.370 -0.260  0.349 -1.068 -2.162 -0.484  0.187  0.292  2.009  0.705  0.421 -0.218 -1.370  0.140 -1.110
376  0  0.100 -0.928  1.119  0.165  0.234 -0.183 -1.148 -0.391  0.565  1.718  0.453 -0.110 -0.090  1.344  0.658
377  0 -1.008  0.184  0.384 -0.991  0.695  0.524  0.095  0.661  0.727  0.084  0.325  0.264 -0.650  0.697 -0.547
378  1  2.047  0.460  0.899  0.861  1.220  0.770  0.185 -0.124  0.796 -0.086  0.042 -0.535  1.760  1.241 -0.344
379  0 -1.156 -0.875 -0.458 -1.058 -0.285  0.061 -0.300 -0.481  0.732  0.070  0.698  0.503 -1.515  0.074 -1.960
380  0 -1.024 -1.746 -1.502 -0.606 -1.702 -1.136 -1.961  0.042  2.573 -0.290 -1.109 -1.120 -0.926  0.494  0.784
381  1  0.444 -0.138  0.619  0.413  0.433 -0.742  0.051  0.289  2.015  0.258 -0.408  0.378 -1.216  0.429  0.043
382  1  1.649 -0.997 -1.244 -0.269 -0.211 -1.402 -2.053 -1.067  0.657 -1.330 -0.857  0.529  0.409  6.876  1.717
383  1  0.941  0.405 -0.249  0.542  0.995  0.176 -0.480 -0.539  0.106 -0.584 -0.586  0.162 -0.374  1.238  1.865
384  0 -1.079 -0.572  0.129 -0.208 -0.867 -1.111 -1.693 -0.979  0.440 -0.784 -0.603 -0.774  0.480  0.994 -1.153
385  0 -1.074  1.865 -1.004 -0.635  0.410  0.920  0.977  0.129  1.637  0.037 -1.178 -1.321 -2.311  0.258 -0.309
386  0  1.015  0.899  0.668  0.727 -0.441 -1.279 -1.224 -0.820  0.771 -1.205 -0.464 -0.220 -1.186  0.332  0.041
387  1 -1.389 -0.011 -0.040 -0.806  0.656  0.525  0.855 -1.092  0.730  0.168 -0.197 -0.405 -0.480  1.529 -0.711
388  1 -0.574  0.374  1.887  0.278  0.628  0.683  0.529  0.159  1.600  0.152 -2.075  0.345 -0.097  0.500 -0.043
389  1 -0.064  0.182 -1.210 -0.092 -0.482 -0.071  0.834  0.625  0.288 -0.755 -0.796  0.006  0.409  0.882 -0.839
390  0 -0.240 -0.274 -1.275 -0.391 -0.280  1.595  1.012  0.433  1.052  1.038  1.033  1.108  0.547  2.476  0.213
391  1 -0.270 -1.006 -0.318  0.243  0.047  0.168 -0.362  0.931  1.250 -0.739 -0.488 -0.936  1.564  1.169  0.675
392  0  0.351  1.128  0.756 -0.982 -2.447 -1.634  0.452 -0.374  0.174 -1.715 -0.222  1.613 -0.538  2.547 -0.359
393  0  0.753 -0.844  0.993  1.943  1.024  0.694 -0.173  0.526  0.585 -0.369 -0.104 -1.311 -0.544  1.322 -0.201
394  1  0.729 -0.194 -1.286  0.226  1.959  1.053  1.596  1.455  1.584  0.924  0.387 -1.408 -0.078  0.518 -0.881
395  1  1.062  0.255  0.873  0.546 -0.185  0.340 -0.964  0.467  0.390 -1.306 -0.810 -0.848 -0.659  3.303 -0.076
396  0 -0.204  1.039  0.399  1.576  2.048  0.101  0.742  0.430  0.833 -0.246  0.994  0.367  0.306  2.615 -1.191
397  0  0.276  0.194  1.441  1.142 -1.063 -0.530 -0.491 -0.838  0.413 -0.884 -0.948 -0.281 -0.707  0.230 -0.907
398  0  0.574 -0.739 -0.840 -0.251 -0.912  0.271  1.248  0.851  1.268  0.672 -0.608 -0.754 -1.654  1.681 -0.334
399  1 -0.753 -0.475 -0.305 -0.741 -0.411 -0.694 -0.920  0.534  0.854  0.236 -0.255 -0.482  0.356  0.608 -0.657
400  0  0.532  0.292  0.798  0.680  0.165 -1.318 -1.829 -1.020  0.085 -3.160 -2.429 -1.131 -0.349  1.159  0.147
