    X1     X2     X3     X4     X5     X6     X7     X8     X9    X10    X11    X12    X13    X14    X15    X16
401  1  1.163  0.442  1.833  1.082  0.067  0.049  0.305  0.169  0.517 -0.377 -0.661 -1.034  0.064  0.609 -0.412
402  1  1.166  1.178 -0.304  0.099  0.686  1.125  1.701  1.688  1.796  0.813  0.419  0.410  1.002  0.845 -1.453
403  0  2.037  1.231 -0.806  0.584  0.419  0.993 -0.404 -0.045  5.183  0.920  0.266 -0.709  0.114  0.494 -0.570
404  0  0.661  1.876 -0.194  0.235 -1.276  0.196 -2.122 -0.535  0.803 -0.397  0.813 -0.447  0.675  0.487 -0.451
405  1  0.887 -1.061  1.225  0.213 -1.382 -0.821  0.108  2.302  1.336  0.684  2.418  1.730  1.246  0.838 -0.355
406  1 -0.882 -0.357 -1.373 -0.942  0.756 -0.308  0.139 -0.880  1.580  0.529  1.259  2.149  1.581  1.330  1.386
407  0  1.118  0.824  0.812  0.194 -1.312 -2.162 -1.403 -1.198  1.666 -0.128 -0.594  0.469 -0.289  0.184 -0.651
408  0 -0.545 -0.833 -0.372 -0.358 -1.777 -0.515 -0.363 -0.552  7.433  0.938  1.537  2.618  2.141 13.612  1.129
409  1 -0.005 -0.173 -1.004 -0.702 -2.748 -2.382 -1.794 -0.532  0.535 -2.210 -1.905 -0.711  0.065  2.206  0.267
410  1 -1.762 -0.931 -0.555 -1.120  0.591 -1.048 -0.125 -0.547  2.220  0.183 -0.929  1.116  1.222  4.486 -0.296
411  0 -0.894  0.413  0.271 -0.742 -0.769 -0.036 -0.800 -0.978  0.554  0.489 -1.574 -0.143 -0.966  0.832 -0.350
412  0  0.166 -0.882 -0.926  0.021 -0.016 -0.380 -0.288 -0.201  0.450  1.691  0.392  1.039  0.241  0.661 -0.114
413  0 -1.051  0.736  0.393 -1.282 -1.779 -0.881 -0.182  0.082  0.486 -1.764  0.639  1.157  0.800  1.146 -0.048
414  1  1.588  0.321 -0.946 -0.693 -1.349 -0.687 -0.996  0.023  1.463  0.342 -0.398  0.978  0.785  2.729 -1.070
415  0 -0.598 -0.231  0.744  1.025  1.443 -0.569  0.294  1.141  2.233  0.304 -0.562 -0.898 -2.196  0.724  0.702
416  1  0.784 -0.615 -0.880 -0.373 -0.142  0.714  1.458 -0.947  0.952  0.707  1.265  0.573 -0.526  0.439 -0.899
417  0 -1.187 -1.056 -0.730 -0.521 -1.588 -0.245 -0.959 -0.309  2.517  1.314 -0.485 -0.082 -0.260  0.966  0.352
418  1 -0.492 -0.769 -0.110  0.383 -0.031 -0.438 -0.476 -0.726  0.511 -0.241  0.072  1.068 -0.424  4.320  0.046
419  1 -1.777 -0.524 -0.339 -0.380  0.243 -0.323  0.630 -0.184  0.449 -0.763 -0.400 -0.900 -0.633  0.333 -0.732
420  1  0.057 -1.196  0.193  0.103  0.630 -0.928 -0.052  1.697  4.183 -0.517  0.100 -1.180 -0.717  0.612  0.787
421  1 -0.590 -0.766 -0.088  0.016  0.532  0.791  1.760  1.379  0.374 -0.753  0.222  0.421 -1.025  0.257  0.634
422  1  0.224  0.383  0.340  0.295  0.142 -0.403 -0.179  0.491  0.495  0.169  0.138  1.429  0.462  0.949  1.209
423  0  0.768  0.634  0.797  0.376  0.380 -0.571 -1.298 -0.337  0.290  0.091  0.796  0.809  0.245  1.935  0.499
424  1  0.035 -0.743 -1.887  0.101  0.336 -2.245 -0.728 -1.469  0.240 -0.922 -0.135 -0.748  0.075  9.874  1.614
425  0 -0.164 -0.496 -1.913  0.154 -0.429  0.223 -0.706 -0.345  0.639 -0.307 -0.473 -1.541 -1.104  0.289 -0.009
426  0 -0.466  0.108 -0.972  0.067 -0.687 -0.621 -0.072  0.781  2.309 -0.648  0.520  1.527  1.168  1.470  0.500
427  1 -1.941 -1.527 -0.751 -1.452  0.191 -1.163 -0.433  1.023  0.838 -0.020 -0.552 -0.144  0.384  1.540  0.476
428  1 -1.357 -1.433 -1.373 -0.878 -0.448 -0.778 -0.086  0.228  0.844 -0.241 -1.210 -1.389 -1.743  0.219 -1.401
429  0 -0.566  0.620  0.421  0.101  1.124  0.500  0.181 -0.886  1.505 -0.874  0.031 -1.006 -2.515  0.088  0.272
430  1 -1.073 -0.745  0.445 -0.727 -1.707  0.171 -0.508 -0.058  0.684 -0.824 -1.073 -0.133 -0.480  0.165 -1.789
431  0  1.215 -0.433 -0.901  0.141 -0.679 -0.662 -1.613 -0.438  0.553 -0.846 -1.276 -1.132 -1.633  0.360 -0.313
432  0 -0.754 -0.973  0.835  0.038 -0.178 -0.678 -0.997 -0.895  1.268 -2.060 -1.198 -0.823 -0.450  0.151 -1.078
433  1 -0.410  0.636 -0.494 -0.542 -1.568 -0.105  1.151 -0.178  0.531  1.367  1.216 -0.291  0.502  1.368 -1.407
434  1 -2.120 -0.326  0.181 -0.453 -0.604 -0.361 -0.579 -0.782  0.924  1.259  1.356  0.662 -0.868  0.161 -0.969
435  1  0.428  0.300  0.735 -0.095  1.197 -0.354  0.620  0.775  1.111  0.258  0.601  0.733  0.673  1.443 -0.449
436  1  1.001 -0.163  0.568  1.066  0.126 -0.974 -1.530  0.228  0.694 -1.396  0.231 -1.008 -0.851  1.161 -2.455
437  1 -0.779 -1.640 -1.855 -0.737 -0.148 -0.968 -1.531 -0.930  0.240 -0.418 -0.096 -0.899 -0.223  6.612  0.137
438  1  0.397 -0.441 -0.490 -0.262  0.263  0.260  1.752  0.367  0.827 -1.637  0.434  1.320  1.016  3.799  0.389
439  1  1.471  0.668 -0.089  0.258 -0.260  0.596 -0.103 -0.867  0.927 -0.240  0.408 -1.157 -1.501  0.369  0.089
440  0  1.474 -0.221 -0.123  1.761  1.612  1.867  0.436 -0.650  0.592 -0.523  0.058  0.061  0.558  0.998 -1.049
441  0  0.943  0.998  0.802  0.495 -1.246 -0.163 -0.987 -0.780  0.866  1.477 -0.055 -1.429 -0.524  0.345 -1.134
442  0  0.974  0.960 -0.013  0.418  0.227  0.547  1.092  1.717  1.186  0.485 -0.834 -1.259  0.458  1.497  0.220
443  1  1.608  1.509  0.788  0.376 -1.526 -0.250 -0.794  0.975  3.456  1.847  1.121  0.245 -0.045  0.744 -0.307
444  0  1.834  1.441  0.838  1.157  0.455  2.030 -0.095  1.414  4.298  0.383 -0.423 -0.860  0.327  1.372 -1.087
445  1  0.523  1.337 -0.415  0.022 -0.517  0.232  1.201 -0.441  0.400 -1.652 -1.531 -1.352  0.636  1.741 -1.622
446  0  0.015 -0.549  0.304 -0.034 -1.042  1.507  1.419  1.618  2.489  0.603  1.052 -0.275 -0.474  1.099 -0.217
447  1 -0.296  0.962  0.953 -0.163  0.563  1.554  0.691  1.965  2.219 -0.134 -0.070  1.280  1.502  0.476 -0.854
448  1  1.749  0.461 -0.424  0.989  0.623  0.937  1.010  0.329  0.372 -2.834 -1.300 -1.075  0.319  2.257  1.119
449  1 -0.602 -0.393 -1.375 -0.666  0.381  0.488  0.771  0.043  7.999  1.607  0.062  0.252 -0.045  0.567  0.531
450  1  0.397  0.619  1.086  0.816  0.487 -0.434  0.216  0.333  0.638  1.125 -0.196  0.284  0.307  3.752  1.514
451  1 -1.491 -0.861 -1.660 -1.201 -1.210 -0.653 -0.197 -1.135  0.345 -0.366  0.649 -0.240 -2.734  0.965 -0.094
452  0  0.568  0.274  1.122  0.599  0.682  0.678 -0.175  0.996  1.174 -0.489  1.535  0.386 -1.138  1.991  0.290
453  1 -0.632 -1.898 -1.509 -0.108  0.007 -0.043 -1.240 -0.695  1.607  0.048 -1.056 -0.470 -1.099  1.017 -1.198
454  0 -0.371 -0.597 -0.867 -0.859 -1.594 -2.055 -0.129  0.284  1.131  0.885  0.198 -0.112 -0.156  0.491  0.696
455  0  0.363  0.152  1.888  0.410  1.535  1.173  0.462  0.821  1.655  0.590  0.447 -0.324 -0.591  1.586 -0.451
456  0  0.050  0.195  1.179  1.436 -1.122 -1.348  0.333 -0.165  0.399 -0.764  0.524  1.258  0.787  1.421 -1.093
457  1 -0.522  0.832  0.656 -0.219  0.247 -0.105 -0.854 -0.745  0.264 -0.855 -0.536 -0.444 -1.482  0.223 -2.224
458  1 -0.081  0.668  0.009  0.190  0.757 -0.097  0.391  0.165  0.540 -0.077 -0.238 -1.691  0.293  4.969  0.385
459  0  0.072  0.358  0.533 -1.316 -1.086 -0.354  0.903  0.424  3.751  0.826 -0.254  1.192  1.281  0.668  0.263
460  0 -1.147  0.849 -0.308 -0.987  1.031  1.288  1.229  0.235  1.786  1.695  0.362  1.993  1.649  2.066  1.162
461  0 -0.009 -0.795  0.382 -0.739 -0.400  1.375  0.361  0.217  5.411  0.777  0.457 -0.300 -0.595  0.477  0.120
462  0  1.740  1.947  1.094  1.718  2.698  1.869  0.633  0.873  1.109 -0.525 -0.362  0.773 -0.399  0.390  0.490
463  1 -0.934 -0.852  0.708  0.543  0.960 -0.211  0.302 -1.959  1.056 -0.072 -1.099  0.111 -0.946  1.572  0.264
464  1  0.902 -0.798  0.338 -0.931 -1.502 -1.592 -0.500  0.560  1.101 -0.198 -0.184  0.118 -0.758  0.665  0.579
465  0  0.164 -1.989 -1.047 -0.679 -0.537 -0.769 -2.592 -0.646  0.839  1.228  0.778 -0.715 -1.006  0.615  1.220
466  0 -0.175  0.311  0.976  0.654  1.798  0.931 -0.481 -0.344  0.285 -0.781 -0.207 -1.472 -0.880  0.306 -0.282
467  0  0.069  0.840  0.722  0.082 -0.676  0.548  0.521  0.129  1.088 -0.564  0.759  1.866  2.137  4.762  0.604
468  1 -0.418 -0.584  1.005 -0.402 -0.427 -0.103  0.340 -0.997  0.221  1.056  0.810 -0.297 -0.397  0.481 -0.022
469  0  0.897  1.582  0.178  0.339  1.152  0.770  0.865  3.090 10.601  1.068  1.264 -0.029  0.168  2.146 -0.542
470  1 -1.602 -2.665 -0.783 -1.033 -1.836 -1.266 -0.174  0.294  0.467 -0.912 -0.700  0.628  0.605  1.601 -0.919
471  1  0.079 -0.285  0.350  0.149 -0.251  0.232 -1.085 -0.567  2.156 -0.244  0.745 -0.816  0.837  7.259  1.588
472  1 -1.135 -0.975  0.760 -0.470 -0.286 -0.008 -0.222 -0.540  0.974  0.018  0.261  0.955  1.113  3.376 -0.532
473  1 -3.365 -2.477 -0.985 -1.536 -0.425 -0.769 -0.199 -0.911  1.057  0.075  2.423  0.178  0.546  0.691 -0.108
474  1 -0.170 -0.656 -0.572 -1.061  0.530  0.739  1.284  0.787  0.872  0.077 -1.973 -0.619 -0.878  0.712  0.331
475  0  0.255  2.183  1.483  0.691  1.064  0.227  0.425 -0.749  0.283 -1.652 -1.359 -1.511 -1.130  0.196  0.027
476  1 -0.040 -1.098 -0.460 -0.846  0.338  0.496 -0.082  1.402  4.377  0.042  0.756  0.673  0.088  0.199 -0.194
477  1  1.805 -0.098 -0.033  0.271  0.869  2.116 -0.314  0.438  1.449 -0.142 -0.504 -1.550 -0.404  5.343  0.577
478  1  2.456  3.313  0.434  0.369 -0.722  0.944  1.159 -0.085  1.495  0.682  0.683 -0.114  0.477  2.794  1.042
479  0  1.596  0.672  0.357 -0.057 -0.648 -1.188  0.135  0.343  0.706 -1.334  0.565  0.004 -0.588  0.345 -0.088
480  1  1.596  0.249  0.260  1.487  0.759 -0.202 -0.339  0.092  0.343 -1.407  0.511 -0.083 -0.783  1.510 -0.141
481  1 -1.169 -1.412 -0.308 -1.121 -1.118 -0.977 -0.078  0.114  0.768 -1.088  0.068  0.058  0.788  3.167  0.234
482  1 -0.845 -1.346  0.278  0.081  0.814  1.408  1.226  1.386  1.703  0.049  0.819 -0.901 -2.215  0.805 -0.594
483  1  0.787  0.409 -0.126 -0.527 -0.778 -0.309 -0.307  0.240  2.646  0.387  0.564  0.257  0.202  0.595  0.963
484  1 -0.613 -0.560  0.668  0.196  0.129 -0.405  0.320  0.953  0.797  0.208  0.915  0.531  0.005  5.774  1.448
485  0  1.469  1.407  1.310  1.474  0.685  0.422  1.234 -0.596  0.288  0.205 -1.325 -2.220 -3.144  0.914 -0.895
486  0 -0.122 -0.019  1.451 -0.368 -0.480 -1.273 -0.963 -0.364  0.650  0.841  0.008 -0.236 -0.714  0.157 -0.926
487  0  0.183 -0.834 -1.016 -0.966 -0.391 -0.358 -0.674 -0.589  0.562 -0.920  0.148  1.607  0.223  1.086 -0.431
488  1 -1.990 -0.607  0.398 -0.948  0.034 -0.311 -0.763 -1.043  0.768  0.595  0.218 -1.435 -0.164  1.037 -0.094
489  1  0.650 -0.235  0.175 -0.963  0.270 -1.807 -0.649  0.075  0.868 -0.922 -0.150 -0.312 -0.813  0.925 -0.531
490  1  1.105  1.270  1.319  1.357  0.941  0.195 -0.206 -0.414  0.612  1.201  0.629  2.036  1.312  2.182  2.090
491  0 -0.721  0.342  0.893 -0.057 -0.049 -0.834 -1.855 -0.025  0.466 -1.915 -0.891 -0.100 -0.855  0.869 -0.137
492  1 -0.116  0.681  1.259  1.455  1.892 -1.741 -0.240  0.408  2.934  1.554  0.206  0.004  0.193  0.609 -1.064
493  0 -0.286 -1.120 -0.979  0.318  0.076 -0.198 -0.703 -1.190  0.413  0.443 -0.324  0.167 -0.330  0.822 -0.082
494  1 -0.599  0.014  0.083  0.605  1.180 -0.464  1.712  0.345  2.389  1.239  1.436  0.396 -0.405  1.156  0.796
495  1  0.338 -0.739  0.279  0.643 -0.709 -1.841  0.613  0.882  1.329  0.594  0.111 -0.502  0.043  1.343 -0.531
496  0  1.436  2.019  0.524  1.670  0.870 -1.000 -0.445 -0.852  0.311  0.135 -0.933 -0.324 -1.952  0.073 -1.332
497  1 -0.632 -1.979 -0.341  0.446  0.111 -1.010 -1.148 -0.065  0.997  1.351  0.181 -0.230 -1.390  0.348 -1.732
498  1  1.788  0.028  1.468  1.712 -0.233  0.114  0.880  1.052  3.921 -1.115  0.078  0.386  0.773  0.935  0.291
499  0  0.353 -0.253  1.000  1.267  1.232  1.035  1.298  0.709 10.064 -0.051  1.879 -0.098  1.391  1.048 -0.410
500  0 -0.331  0.366  1.805 -0.071  0.525 -0.504 -2.543 -1.242  0.295 -0.865 -2.484 -0.189 -0.106  0.959  0.545
