       X17    X18    X19    X20    X21    X22    X23    X24    X25    X26    X27    X28    X29    X30
401 -0.673  0.059 -1.387 -0.484  3.776  0.440  0.240 -0.360 -0.088 -0.716 -0.669  0.445  0.421 -0.945
402 -0.651 -0.916  0.342  0.993  1.949 -1.299 -1.298 -1.022 -1.001 -1.443 -0.556 -0.475 -0.694 -1.505
403  0.337  0.779 -1.275 -0.178  3.402 -2.387 -2.022 -2.049 -2.523 -1.313 -2.687 -2.688 -1.965 -2.157
404  1.058  1.734  1.217  0.934  2.576 -0.474 -1.173 -0.431 -0.845 -0.720  0.477 -0.600 -0.028  0.307
405 -0.613 -0.291 -0.703 -1.267 -0.110 -0.593 -1.123 -0.627 -1.280 -1.382 -0.619 -1.725 -1.023 -0.866
406  0.840  0.827  0.063  0.045 -0.717  0.660 -0.022  0.596 -0.562  0.124 -0.422 -0.199 -0.089 -0.103
407 -0.903 -0.334 -1.200 -0.226  0.342  0.441  0.878 -0.096  0.721  0.690  0.867 -0.554  0.979  0.707
408  1.509  1.754  1.118  1.117  0.785 -0.855 -0.162 -0.362 -0.710  0.172 -0.154 -0.068 -0.563  0.773
409  0.931 -0.001 -0.512  0.323  0.473 -0.436 -1.510 -0.296 -0.161 -0.927  0.310 -0.134 -1.107 -0.758
410 -0.717 -1.751 -0.859 -0.568 -2.682  0.864  0.472  1.980  1.964  0.955  1.520  1.769 -0.460  0.749
411 -0.748 -0.750  1.253  1.343 -2.353 -0.194 -0.497  0.282  0.252 -1.417 -0.055  0.749 -0.829 -0.177
412 -0.252 -0.479 -0.186 -0.529 -0.478  0.262  0.311  0.071 -0.455 -0.044 -0.289 -0.522 -0.157 -0.224
413 -0.782 -0.460  0.035 -0.221 -1.740 -0.219 -1.586  0.077  0.450 -0.321 -0.120 -0.145 -0.833  0.401
414  0.278  1.537 -0.670 -1.637  2.643  1.243  1.271  2.603  1.207  1.380  1.049  1.185  1.199  2.373
415  0.040 -0.388 -0.330  1.304  1.249 -1.528 -0.733 -1.214 -1.316 -0.587 -1.087 -0.315 -0.658 -1.122
416 -0.286  1.166 -0.237 -0.277  1.535 -0.691 -0.255 -0.575  0.223 -1.439 -1.110 -0.273 -1.601 -0.041
417 -0.870 -1.470  0.633  0.730 -0.862  0.440 -0.108  1.121 -0.344 -0.504  0.260 -1.297  1.208  0.429
418  1.817  2.619  0.985  0.526 -1.557  0.408  0.112  0.277  0.279 -0.399  0.718 -0.143 -0.349  0.577
419 -0.414 -1.418 -0.600 -2.772 -1.677  0.732  0.805  0.772  1.094 -0.295  0.234  0.171  0.948  0.081
420  0.143  0.559  1.264  1.095 -0.163  0.140  0.798  0.001  1.028  0.751 -0.165  1.386  0.311  1.190
421 -0.116  0.742  1.063  1.129 -0.931 -0.809 -0.070 -0.447 -0.449 -0.144 -1.263 -0.768  0.284 -0.283
422  0.188  0.657 -0.079 -0.185  1.987 -0.386 -1.534 -1.806 -0.309  0.115 -0.192 -0.565 -0.877 -0.004
423 -0.110  0.282 -0.325 -1.381  0.247  0.579  0.747  1.230  1.265  0.295  0.274  1.147  1.119  0.510
424  1.056  1.637  0.268  0.353 -0.166  1.095  0.478  1.983  1.370  1.141  0.680  1.765  1.444  1.512
425 -0.225 -0.190 -0.829 -0.166  0.047  0.535  0.373  0.192  0.603  0.091  0.927  0.282  0.406  0.009
426  0.673 -1.208 -0.136  0.748 -0.360  1.381  0.419  0.463  0.239 -0.104  0.395  0.794 -0.072  1.201
427 -1.236 -1.263 -0.333 -1.052 -1.541 -0.081  0.451  1.512  0.515  1.164  1.569  0.427  0.597  2.371
428 -1.379 -2.716 -1.167 -1.561 -0.485 -0.882 -2.406 -0.623 -1.810 -2.025 -2.156 -0.579 -1.684 -0.887
429 -0.682 -1.826 -0.785 -0.782 -0.451 -1.190 -2.536 -0.926 -1.340 -1.816 -1.372 -2.804 -1.392 -1.386
430 -1.172 -2.080 -1.195  0.093 -0.578  0.984 -0.149  1.191  0.982  1.105  0.383  1.329  1.618  0.457
431  0.747 -0.149  1.743  1.316  0.811  0.295  0.476 -0.077  1.029  0.050  0.435  0.732  0.700  0.973
432  0.337  1.258  1.250  0.185 -0.530 -1.068 -0.717 -0.565 -1.538 -0.106 -0.831  0.177 -1.503 -0.873
433 -2.051 -1.253 -1.363 -1.513 -1.059  1.765  1.210  1.442  0.811  0.881  1.780  1.514  1.227  1.473
434 -1.712 -1.467 -0.692 -0.962 -2.918  0.554  0.763  0.397  0.206  0.086  0.280 -0.243  0.978 -0.350
435 -0.393 -0.226  0.947 -0.797  1.297 -1.031 -0.466 -0.839 -0.174 -0.882 -0.394 -1.355 -1.170 -1.556
436 -1.745 -1.415 -0.946  0.039  0.862  0.269  0.332  1.227  0.367  1.466  0.963  0.783  1.214  1.365
437  0.545 -0.153  0.710  0.191  0.942 -1.463 -1.700 -1.985 -1.319  0.178 -1.388 -1.331 -0.727 -1.217
438  0.442  0.145 -0.265 -0.810  2.213 -0.173 -0.012  0.658  0.032 -0.218 -0.113  0.950 -0.544  0.774
439  0.755 -0.757 -1.116  1.291  2.490 -1.600 -2.348 -1.598 -1.443 -2.071 -1.967 -2.536 -2.245 -1.839
440  0.278 -1.221 -1.036  0.299  1.883 -0.443 -0.396 -0.520 -0.626 -0.785 -1.193 -0.308 -0.973 -0.884
441 -1.147  0.444 -0.729  0.052  0.699 -0.606  0.061  0.090  0.244  0.412  0.042 -0.823  1.340 -0.320
442 -1.356 -1.004 -0.096  0.372 -0.804  0.020  0.624  0.273  0.352 -0.135  0.516 -1.101  0.748  1.256
443 -1.189 -2.710 -0.774 -0.384  0.897  1.807  2.516  1.319  2.487  2.114  1.895  2.409  1.617  2.722
444 -2.643 -1.129 -0.915 -0.743  0.074  0.476  1.185  1.118  0.613  1.973  1.746  1.181  1.367  1.368
445 -1.082 -0.202 -1.514  0.304 -2.229 -0.524 -1.265 -1.104 -1.074 -0.205 -0.534 -0.563  0.397  0.078
446  0.545 -1.083 -0.363  0.756 -2.049 -0.789 -1.978 -2.567 -1.857 -1.625 -1.010 -1.960 -1.576 -1.505
447 -0.481 -0.195 -0.751  1.157  1.016  0.281  0.828 -0.070  0.111  0.775 -0.878 -0.025 -1.351 -0.173
448 -0.660 -1.204 -0.700 -0.704  2.042 -0.463 -0.477 -0.607 -0.600 -0.588  0.407 -0.718 -0.173 -0.308
449  1.870  1.675  0.778  0.670  0.734 -0.425  0.077 -0.810  0.453  0.337  0.118  0.981  0.441  0.655
450  2.391  1.597  1.536  0.671  1.570  0.411  0.641  0.454  0.976 -0.372  1.137  0.408  0.342  0.182
451 -0.535  0.836  1.320  2.693 -2.680 -1.249 -1.643  0.929 -1.414 -1.323 -0.973 -0.206 -1.191 -1.011
452  0.288  0.569  0.525  0.244 -1.028 -0.492 -0.004 -0.517 -1.188 -0.146 -1.176 -0.228  0.471 -0.135
453 -0.123  1.071 -0.492 -1.011 -0.983 -1.127 -0.226 -0.777 -0.079  0.153 -0.853 -0.183  0.201 -0.911
454 -0.201  1.423  0.542  0.548  0.280 -0.663 -0.843 -1.634 -1.382 -1.042 -1.983 -0.571 -2.404 -1.705
455  0.014 -0.041  0.634  0.382  0.770  1.151  0.577  0.136  0.593  1.106  0.518  0.518  1.267  0.908
456 -0.292  0.805  0.140  0.115  0.095  0.398  0.483  0.419  0.293  1.526 -0.596 -0.752 -0.430  1.106
457 -1.528  0.163 -0.107  0.826 -1.061  0.787 -0.315  1.001  0.747  1.001  0.799  1.003  0.243  0.770
458 -0.685 -0.472  0.251 -2.370 -0.591  1.989  0.890  0.949  1.994  1.382  0.806  1.696  1.520  1.339
459  0.313  0.209 -0.453 -0.188 -0.444  1.221  1.804  0.341  1.637  1.005  2.328  0.937  1.141  2.112
460  0.524  0.613  0.680 -0.520  0.061  0.697 -0.343  0.473 -0.668  0.560  0.665 -0.036  0.862  0.673
461 -1.056 -0.256  0.765  0.345  1.806  0.004 -0.956 -0.229 -1.626 -0.272  0.370  0.163 -0.271 -0.553
462  0.346 -0.929 -0.121  1.191  1.553  0.746  0.377  0.725  0.602  0.574 -0.033 -0.139 -0.110  0.692
463  0.041  0.063  0.788 -0.925 -1.760 -1.279  0.108 -0.245 -1.177 -0.229 -1.043 -1.036  0.342  0.128
464 -0.708 -0.513 -1.360 -0.498  0.380  1.185  0.640  1.701  1.187  0.234  0.859  1.971  0.508 -0.382
465  0.818  1.232  1.947  1.554 -0.094  0.420 -0.091  0.194  0.487  1.299 -0.954 -0.450 -0.272 -0.686
466 -0.277 -0.727 -1.387 -0.654 -0.325  0.206 -0.004 -0.136 -1.087  0.079  0.069 -0.227 -0.691 -0.082
467  0.102 -0.387  0.000 -0.631 -0.588 -0.799 -0.596 -1.263 -0.421 -1.114 -1.342 -0.617 -1.305 -1.019
468  0.454 -1.047 -0.516  0.341 -0.385  0.281 -0.872  0.889  1.244  0.099 -0.311 -0.740  0.861  0.276
469 -0.049 -0.266 -0.453 -0.906  0.953  0.491  0.776  0.318  0.289 -0.800  0.694  0.520  0.751 -0.091
470 -1.671 -2.190  0.268  1.197 -2.985 -0.081 -0.067 -0.641 -0.068 -0.711  0.754  0.312 -0.051  0.015
471  1.936  0.063 -0.203  0.522 -1.355  1.277  1.526  1.194  0.735  0.828  1.542 -0.003  1.031  1.591
472 -1.466  0.243 -0.463 -0.702 -0.281 -0.295 -1.418 -0.555  0.067 -0.036 -1.080 -1.118  0.481 -1.313
473 -0.374  0.866  0.388  0.921 -4.341 -0.369 -1.513 -0.446 -0.914 -0.672  0.053 -0.940 -0.710 -0.708
474 -1.001 -1.681 -2.182 -0.062  0.150  0.186  0.690  0.140  1.324 -0.378  0.362  0.708  0.267  0.383
475 -0.185  0.506  0.230  0.374 -1.662  0.577  0.247  0.433  0.251  0.279  0.029  1.009  0.334  1.172
476 -0.900 -2.877 -0.975 -1.213 -0.703  2.524  2.169  2.424  2.067  0.965  1.857  2.152  2.355  2.081
477  1.387  0.329  0.850  0.711  0.620  1.332  1.261  1.676  0.784  0.200  0.501  0.735  1.180  2.673
478  1.279  0.769  1.310  0.736  3.863 -1.460 -1.065 -0.996 -1.558 -1.033 -0.446 -0.302 -0.862 -0.043
479  0.627 -0.467 -0.643 -0.491 -0.613 -0.848 -0.862  0.329  0.057 -0.928  0.563  0.161  0.394 -0.197
480 -0.235 -1.168 -0.916 -2.018  2.090  2.105  2.116  1.507  1.597  1.665  2.005  1.691  0.867  1.820
481  0.035  0.341  0.430  0.529 -1.527 -0.757 -0.548 -0.136  0.255 -0.178 -0.249  0.044 -0.097 -1.146
482 -0.093 -0.210 -0.098  0.412 -1.958 -0.536 -0.582 -1.309 -0.537 -1.265 -0.070 -1.685 -0.195 -0.977
483 -0.892 -0.642  0.474 -1.291  4.133  0.090 -0.668 -0.486  1.063 -0.374  0.778  0.107  0.457  0.810
484  2.246  0.637  0.248  0.346 -1.264  1.289  0.702  0.192  1.780  1.341  1.029  0.295  0.681  0.315
485  1.086  0.952  1.300  1.153  0.637  0.174 -0.907 -0.444 -0.066 -0.164 -0.551 -0.424 -0.112 -0.688
486  0.393  0.538 -2.160 -0.896  1.106 -0.373 -1.330 -1.451 -0.459 -0.440 -0.556 -1.295 -0.684 -1.289
487 -0.620 -1.377  0.762 -0.218  0.070 -0.263 -0.513 -0.843 -0.644 -1.523 -0.309 -1.308 -0.053 -0.922
488 -0.116  0.330  0.276  1.349 -1.148 -0.036  2.490  1.569  0.108  0.644  0.221  0.432  0.396  0.616
489 -0.859 -0.577  0.121  0.576  1.145  1.125  1.080  1.317  1.297  0.794  1.347  1.798  1.079  1.085
490 -0.434  0.637  1.022 -0.837  1.580  0.498  0.248 -0.015  0.018 -0.261  0.159 -0.259 -0.276  0.631
491  0.462  0.067  0.790 -1.200  1.249  0.326  0.024 -1.279 -1.043 -1.330  0.009 -0.331 -1.327  0.175
492  1.254 -0.755 -0.282 -0.750 -1.448 -0.666 -0.216  0.336  0.158 -0.783 -0.706 -0.922 -0.308 -0.241
493  0.841  1.706  1.022  2.185 -1.415 -1.577 -0.072 -1.343 -0.836 -0.005 -0.313 -0.371 -1.126 -0.216
494  2.221 -1.017 -1.027 -0.301 -1.191 -0.195 -0.885  0.261 -1.207 -0.274 -1.982 -1.865  0.010  0.574
495 -0.861 -0.772  1.328  2.321 -0.699 -0.106 -0.087  0.937 -0.492  0.097 -0.445 -0.225  0.168  0.509
496 -1.007 -1.514 -0.967  0.041  0.708  0.069 -1.160 -0.932 -0.510 -1.312 -1.197 -0.125 -0.445 -0.572
497  1.009 -0.845 -0.382 -0.765 -0.515  0.699  0.834  0.569 -0.230 -0.591 -0.124 -0.066  1.068  0.552
498  0.621  1.749  1.056 -0.415  0.457  1.586  1.083  1.726  2.357  1.383  1.584  2.468  1.015  0.680
499  0.401  0.806  0.285 -0.719  1.755 -0.109 -0.013 -0.291 -0.677 -0.134 -0.947 -0.564 -0.903 -1.329
500  0.176 -0.624 -0.302  0.282 -0.338  1.082  2.448  1.134  1.011  1.514  0.957  1.325  0.600  0.786
